(kicad_pcb (version 20190516) (host pcbnew "6.0.0-unknown-da645c5~86~ubuntu18.04.1")

  (general
    (thickness 1.6)
    (drawings 23)
    (tracks 441)
    (modules 35)
    (nets 48)
  )

  (page "A4")
  (layers
    (0 "F.Cu" signal)
    (31 "B.Cu" signal)
    (32 "B.Adhes" user)
    (33 "F.Adhes" user)
    (34 "B.Paste" user)
    (35 "F.Paste" user)
    (36 "B.SilkS" user)
    (37 "F.SilkS" user)
    (38 "B.Mask" user)
    (39 "F.Mask" user)
    (40 "Dwgs.User" user)
    (41 "Cmts.User" user)
    (42 "Eco1.User" user)
    (43 "Eco2.User" user)
    (44 "Edge.Cuts" user)
    (45 "Margin" user)
    (46 "B.CrtYd" user)
    (47 "F.CrtYd" user)
    (48 "B.Fab" user)
    (49 "F.Fab" user)
  )

  (setup
    (last_trace_width 0.55)
    (trace_clearance 0.2)
    (zone_clearance 0.508)
    (zone_45_only no)
    (trace_min 0.2)
    (via_size 1.4)
    (via_drill 0.5)
    (via_min_size 0.4)
    (via_min_drill 0.3)
    (uvia_size 0.3)
    (uvia_drill 0.1)
    (uvias_allowed no)
    (uvia_min_size 0.2)
    (uvia_min_drill 0.1)
    (max_error 0.005)
    (edge_width 0.05)
    (segment_width 0.2)
    (pcb_text_width 0.3)
    (pcb_text_size 1.5 1.5)
    (mod_edge_width 0.12)
    (mod_text_size 1 1)
    (mod_text_width 0.15)
    (pad_size 5 5)
    (pad_drill 2.8)
    (pad_to_mask_clearance 0.051)
    (solder_mask_min_width 0.25)
    (aux_axis_origin 0 0)
    (visible_elements FFFFFF7F)
    (pcbplotparams
      (layerselection 0x010fc_ffffffff)
      (usegerberextensions true)
      (usegerberattributes false)
      (usegerberadvancedattributes false)
      (creategerberjobfile false)
      (excludeedgelayer true)
      (linewidth 0.100000)
      (plotframeref false)
      (viasonmask false)
      (mode 1)
      (useauxorigin false)
      (hpglpennumber 1)
      (hpglpenspeed 20)
      (hpglpendiameter 15.000000)
      (psnegative false)
      (psa4output false)
      (plotreference true)
      (plotvalue true)
      (plotinvisibletext false)
      (padsonsilk false)
      (subtractmaskfromsilk false)
      (outputformat 1)
      (mirror false)
      (drillshape 0)
      (scaleselection 1)
      (outputdirectory "GERBER/"))
  )

  (net 0 "")
  (net 1 "GND")
  (net 2 "/VDDCORE")
  (net 3 "/VDDANA")
  (net 4 "/XIN32")
  (net 5 "/XOUT32")
  (net 6 "/USB_P")
  (net 7 "/USB_N")
  (net 8 "/USB_ID")
  (net 9 "/USB/ID")
  (net 10 "/SWDIO")
  (net 11 "/SWCLK")
  (net 12 "/RESET")
  (net 13 "/AREF")
  (net 14 "/SDA")
  (net 15 "/SCL")
  (net 16 "/MOSI")
  (net 17 "/SCK")
  (net 18 "/MISO")
  (net 19 "/TX")
  (net 20 "/RX")
  (net 21 "/TRX_NSS")
  (net 22 "/TRX_RST")
  (net 23 "/Communication/DIO5")
  (net 24 "/Communication/DIO3")
  (net 25 "/Communication/DIO4")
  (net 26 "/TRX_INT")
  (net 27 "/Communication/DIO1")
  (net 28 "/Communication/DIO2")
  (net 29 "/VBAT")
  (net 30 "/Communication/ANT")
  (net 31 "/USB/SHIELD")
  (net 32 "+3V3")
  (net 33 "/Power/VIN")
  (net 34 "/VUSB")
  (net 35 "/DL_CD")
  (net 36 "/DL_NSS")
  (net 37 "Net-(U0-Pad25)")
  (net 38 "/GPS_INT")
  (net 39 "Net-(U0-Pad6)")
  (net 40 "Net-(U0-Pad5)")
  (net 41 "Net-(U0-Pad3)")
  (net 42 "Net-(U4-Pad7)")
  (net 43 "Net-(U4-Pad9)")
  (net 44 "Net-(U4-Pad12)")
  (net 45 "Net-(J5-Pad8)")
  (net 46 "Net-(J5-Pad1)")
  (net 47 "Net-(U0-Pad11)")

  (net_class "Default" "This is the default net class."
    (clearance 0.2)
    (trace_width 0.55)
    (via_dia 1.4)
    (via_drill 0.5)
    (uvia_dia 0.3)
    (uvia_drill 0.1)
    (add_net "/AREF")
    (add_net "/Communication/DIO1")
    (add_net "/Communication/DIO2")
    (add_net "/Communication/DIO3")
    (add_net "/Communication/DIO4")
    (add_net "/Communication/DIO5")
    (add_net "/DL_CD")
    (add_net "/DL_NSS")
    (add_net "/GPS_INT")
    (add_net "/MISO")
    (add_net "/MOSI")
    (add_net "/RESET")
    (add_net "/RX")
    (add_net "/SCK")
    (add_net "/SCL")
    (add_net "/SDA")
    (add_net "/SWCLK")
    (add_net "/SWDIO")
    (add_net "/TRX_INT")
    (add_net "/TRX_NSS")
    (add_net "/TRX_RST")
    (add_net "/TX")
    (add_net "/USB/SHIELD")
    (add_net "/VDDANA")
    (add_net "/VDDCORE")
    (add_net "/XIN32")
    (add_net "/XOUT32")
    (add_net "Net-(J5-Pad1)")
    (add_net "Net-(J5-Pad8)")
    (add_net "Net-(U0-Pad11)")
    (add_net "Net-(U0-Pad25)")
    (add_net "Net-(U0-Pad3)")
    (add_net "Net-(U0-Pad5)")
    (add_net "Net-(U0-Pad6)")
    (add_net "Net-(U4-Pad12)")
    (add_net "Net-(U4-Pad7)")
    (add_net "Net-(U4-Pad9)")
  )

  (net_class "Power" ""
    (clearance 0.2)
    (trace_width 0.8)
    (via_dia 1.4)
    (via_drill 0.5)
    (uvia_dia 0.3)
    (uvia_drill 0.1)
    (add_net "/Communication/ANT")
    (add_net "/Power/VIN")
    (add_net "/VBAT")
  )

  (net_class "USB" ""
    (clearance 0.2)
    (trace_width 0.45)
    (via_dia 1.4)
    (via_drill 0.5)
    (uvia_dia 0.3)
    (uvia_drill 0.1)
    (diff_pair_width 0.45)
    (diff_pair_gap 0.2)
    (add_net "/USB/ID")
    (add_net "/USB_N")
    (add_net "/USB_P")
    (add_net "/VUSB")
    (add_net "GND")
  )

  (net_class "uC" ""
    (clearance 0.2)
    (trace_width 0.55)
    (via_dia 1.3)
    (via_drill 0.4)
    (uvia_dia 0.3)
    (uvia_drill 0.1)
    (add_net "+3V3")
    (add_net "/USB_ID")
  )

  (module "GPS:TRH-G2" (layer "F.Cu") (tedit 5D1FAC7C) (tstamp 5D1DA269)
    (at 127.805 55.315)
    (path "/5BD83F9A")
    (fp_text reference "U4" (at 40.395 -15.715) (layer "F.SilkS")
      (effects (font (size 1 1) (thickness 0.15)))
    )
    (fp_text value "TRH-G2" (at -39.055 -15.815) (layer "F.SilkS") hide
      (effects (font (size 1 1) (thickness 0.15)))
    )
    (fp_line (start -41.91 -17) (end 41.91 -17) (layer "F.SilkS") (width 0.12))
    (fp_line (start -41.91 17) (end 41.91 17) (layer "F.SilkS") (width 0.12))
    (fp_line (start 41.91 -17) (end 41.91 17) (layer "F.SilkS") (width 0.12))
    (fp_line (start -41.91 17) (end -41.91 -17) (layer "F.SilkS") (width 0.12))
    (fp_line (start 36.07 -7.555) (end 41.15 -7.555) (layer "F.SilkS") (width 0.12))
    (fp_line (start 41.15 -7.555) (end 41.15 7.685) (layer "F.SilkS") (width 0.12))
    (fp_line (start 41.15 7.685) (end 36.07 7.685) (layer "F.SilkS") (width 0.12))
    (fp_line (start 36.07 7.685) (end 36.07 -7.555) (layer "F.SilkS") (width 0.12))
    (pad "" thru_hole circle (at -38.74 -11.115) (size 5 5) (drill 2.8) (layers *.Cu *.Mask)
      (net 1 "GND"))
    (pad "" thru_hole circle (at -38.74 11.115) (size 5 5) (drill 2.8) (layers *.Cu *.Mask)
      (net 1 "GND"))
    (pad "" thru_hole circle (at 38.74 -11.115) (size 5 5) (drill 2.8) (layers *.Cu *.Mask)
      (net 1 "GND"))
    (pad "" thru_hole circle (at 38.74 11.115) (size 5 5) (drill 2.8) (layers *.Cu *.Mask)
      (net 1 "GND"))
    (pad "1" thru_hole circle (at 37.34 -6.285) (size 1.6 1.6) (drill 0.8) (layers *.Cu *.Mask)
      (net 32 "+3V3"))
    (pad "2" thru_hole circle (at 39.88 -6.285) (size 1.6 1.6) (drill 0.8) (layers *.Cu *.Mask)
      (net 32 "+3V3"))
    (pad "3" thru_hole circle (at 37.34 -3.745) (size 1.6 1.6) (drill 0.8) (layers *.Cu *.Mask)
      (net 1 "GND"))
    (pad "4" thru_hole circle (at 39.88 -3.745) (size 1.6 1.6) (drill 0.8) (layers *.Cu *.Mask)
      (net 1 "GND"))
    (pad "5" thru_hole circle (at 37.34 -1.205) (size 1.6 1.6) (drill 0.8) (layers *.Cu *.Mask)
      (net 1 "GND"))
    (pad "6" thru_hole circle (at 39.88 -1.205) (size 1.6 1.6) (drill 0.8) (layers *.Cu *.Mask)
      (net 1 "GND"))
    (pad "7" thru_hole circle (at 37.34 1.335) (size 1.6 1.6) (drill 0.8) (layers *.Cu *.Mask)
      (net 42 "Net-(U4-Pad7)"))
    (pad "8" thru_hole circle (at 39.88 1.335) (size 1.6 1.6) (drill 0.8) (layers *.Cu *.Mask)
      (net 1 "GND"))
    (pad "9" thru_hole circle (at 37.34 3.875) (size 1.6 1.6) (drill 0.8) (layers *.Cu *.Mask)
      (net 43 "Net-(U4-Pad9)"))
    (pad "10" thru_hole circle (at 39.88 3.875) (size 1.6 1.6) (drill 0.8) (layers *.Cu *.Mask)
      (net 20 "/RX"))
    (pad "11" thru_hole circle (at 37.34 6.415) (size 1.6 1.6) (drill 0.8) (layers *.Cu *.Mask)
      (net 19 "/TX"))
    (pad "12" thru_hole circle (at 39.88 6.415) (size 1.6 1.6) (drill 0.8) (layers *.Cu *.Mask)
      (net 44 "Net-(U4-Pad12)"))
    (model "${KISYS3DMOD}/Connector_PinSocket_2.54mm.3dshapes/PinSocket_2x06_P2.54mm_Vertical.step"
      (offset (xyz 39.9 6.25 0))
      (scale (xyz 1 1 1))
      (rotate (xyz 0 0 0))
    )
  )

  (module "Button_Switch_THT:SW_TH_Tactile_Omron_B3F-10xx" (layer "F.Cu") (tedit 5D1ECDF5) (tstamp 5D1DA1D1)
    (at 97.05 64.1)
    (descr "SW_TH_Tactile_Omron_B3F-10xx_https://www.omron.com/ecb/products/pdf/en-b3f.pdf")
    (tags "Omron B3F-10xx")
    (path "/5BFFA937/5D1E1E72")
    (fp_text reference "SW1" (at 3.28 2.24) (layer "F.SilkS")
      (effects (font (size 0.8 0.8) (thickness 0.15)))
    )
    (fp_text value "Reset_push" (at 3.2 6.5) (layer "F.Fab") hide
      (effects (font (size 1 1) (thickness 0.15)))
    )
    (fp_line (start 6.25 -0.75) (end 6.25 5.25) (layer "F.Fab") (width 0.1))
    (fp_text user "%R" (at 3.25 2.25) (layer "F.Fab") hide
      (effects (font (size 1 1) (thickness 0.15)))
    )
    (fp_line (start 7.6 -1.15) (end -1.1 -1.15) (layer "F.CrtYd") (width 0.05))
    (fp_line (start 7.6 5.6) (end 7.6 -1.15) (layer "F.CrtYd") (width 0.05))
    (fp_line (start -1.1 5.6) (end 7.6 5.6) (layer "F.CrtYd") (width 0.05))
    (fp_line (start -1.1 -1.15) (end -1.1 5.6) (layer "F.CrtYd") (width 0.05))
    (fp_circle (center 3.25 2.25) (end 4.25 3.25) (layer "F.SilkS") (width 0.12))
    (fp_line (start 0.28 5.37) (end 6.22 5.37) (layer "F.SilkS") (width 0.12))
    (fp_line (start 0.28 -0.87) (end 6.22 -0.87) (layer "F.SilkS") (width 0.12))
    (fp_line (start 0.13 3.59) (end 0.13 0.91) (layer "F.SilkS") (width 0.12))
    (fp_line (start 6.37 0.91) (end 6.37 3.59) (layer "F.SilkS") (width 0.12))
    (fp_line (start 0.25 5.25) (end 6.25 5.25) (layer "F.Fab") (width 0.1))
    (fp_line (start 6.25 -0.75) (end 0.25 -0.75) (layer "F.Fab") (width 0.1))
    (fp_line (start 0.25 -0.75) (end 0.25 5.25) (layer "F.Fab") (width 0.1))
    (pad "1" thru_hole circle (at 0 0) (size 1.7 1.7) (drill 1) (layers *.Cu *.Mask)
      (net 1 "GND"))
    (pad "2" thru_hole circle (at 6.5 0) (size 1.7 1.7) (drill 1) (layers *.Cu *.Mask)
      (net 12 "/RESET"))
    (pad "3" thru_hole circle (at 0 4.5) (size 1.7 1.7) (drill 1) (layers *.Cu *.Mask)
      (net 1 "GND"))
    (pad "4" thru_hole circle (at 6.5 4.5) (size 1.7 1.7) (drill 1) (layers *.Cu *.Mask)
      (net 12 "/RESET"))
    (model "${KISYS3DMOD}/Button_Switch_THT.3dshapes/SW_TH_Tactile_Omron_B3F-10xx.wrl"
      (at (xyz 0 0 0))
      (scale (xyz 1 1 1))
      (rotate (xyz 0 0 0))
    )
    (model "${KISYS3DMOD}/Button_Switch_THT.3dshapes/SW_PUSH_6mm.step"
      (at (xyz 0 0 0))
      (scale (xyz 1 1 1))
      (rotate (xyz 0 0 0))
    )
  )

  (module "Connector_USB:USB_Micro-B_Molex_47346-0001" (layer "F.Cu") (tedit 5A1DC0BD) (tstamp 5D1ED8B8)
    (at 88.55 59.05 270)
    (descr "Micro USB B receptable with flange, bottom-mount, SMD, right-angle (http://www.molex.com/pdm_docs/sd/473460001_sd.pdf)")
    (tags "Micro B USB SMD")
    (path "/5B626331/5B62635D")
    (attr smd)
    (fp_text reference "J1" (at 0 -3.3 270) (layer "F.SilkS")
      (effects (font (size 1 1) (thickness 0.15)))
    )
    (fp_text value "USB_B_Micro" (at 0 4.6 270) (layer "F.Fab") hide
      (effects (font (size 1 1) (thickness 0.15)))
    )
    (fp_line (start -3.25 2.65) (end 3.25 2.65) (layer "F.Fab") (width 0.1))
    (fp_line (start -3.81 2.6) (end -3.81 2.34) (layer "F.SilkS") (width 0.12))
    (fp_line (start -3.81 0.06) (end -3.81 -1.71) (layer "F.SilkS") (width 0.12))
    (fp_line (start -3.81 -1.71) (end -3.43 -1.71) (layer "F.SilkS") (width 0.12))
    (fp_line (start 3.81 -1.71) (end 3.81 0.06) (layer "F.SilkS") (width 0.12))
    (fp_line (start 3.81 2.34) (end 3.81 2.6) (layer "F.SilkS") (width 0.12))
    (fp_line (start -3.75 3.35) (end -3.75 -1.65) (layer "F.Fab") (width 0.1))
    (fp_line (start -3.75 -1.65) (end 3.75 -1.65) (layer "F.Fab") (width 0.1))
    (fp_line (start 3.75 -1.65) (end 3.75 3.35) (layer "F.Fab") (width 0.1))
    (fp_line (start 3.75 3.35) (end -3.75 3.35) (layer "F.Fab") (width 0.1))
    (fp_line (start -4.6 3.9) (end -4.6 -2.7) (layer "F.CrtYd") (width 0.05))
    (fp_line (start -4.6 -2.7) (end 4.6 -2.7) (layer "F.CrtYd") (width 0.05))
    (fp_line (start 4.6 -2.7) (end 4.6 3.9) (layer "F.CrtYd") (width 0.05))
    (fp_line (start 4.6 3.9) (end -4.6 3.9) (layer "F.CrtYd") (width 0.05))
    (fp_line (start 3.81 -1.71) (end 3.43 -1.71) (layer "F.SilkS") (width 0.12))
    (fp_text user "%R" (at 0 1.2 90) (layer "F.Fab") hide
      (effects (font (size 1 1) (thickness 0.15)))
    )
    (fp_text user "PCB Edge" (at 0 2.67 270) (layer "Dwgs.User")
      (effects (font (size 0.4 0.4) (thickness 0.04)))
    )
    (pad "6" smd rect (at 0.84 1.2 270) (size 1.175 1.9) (layers "F.Cu" "F.Paste" "F.Mask")
      (net 31 "/USB/SHIELD"))
    (pad "6" smd rect (at -0.84 1.2 270) (size 1.175 1.9) (layers "F.Cu" "F.Paste" "F.Mask")
      (net 31 "/USB/SHIELD"))
    (pad "6" smd rect (at 2.91 1.2 270) (size 2.375 1.9) (layers "F.Cu" "F.Paste" "F.Mask")
      (net 31 "/USB/SHIELD"))
    (pad "6" smd rect (at -2.91 1.2 270) (size 2.375 1.9) (layers "F.Cu" "F.Paste" "F.Mask")
      (net 31 "/USB/SHIELD"))
    (pad "6" smd rect (at 2.4625 -1.1 270) (size 1.475 2.1) (layers "F.Cu" "F.Paste" "F.Mask")
      (net 31 "/USB/SHIELD"))
    (pad "6" smd rect (at -2.4625 -1.1 270) (size 1.475 2.1) (layers "F.Cu" "F.Paste" "F.Mask")
      (net 31 "/USB/SHIELD"))
    (pad "5" smd rect (at 1.3 -1.46 270) (size 0.45 1.38) (layers "F.Cu" "F.Paste" "F.Mask")
      (net 1 "GND"))
    (pad "4" smd rect (at 0.65 -1.46 270) (size 0.45 1.38) (layers "F.Cu" "F.Paste" "F.Mask")
      (net 9 "/USB/ID"))
    (pad "3" smd rect (at 0 -1.46 270) (size 0.45 1.38) (layers "F.Cu" "F.Paste" "F.Mask")
      (net 6 "/USB_P"))
    (pad "2" smd rect (at -0.65 -1.46 270) (size 0.45 1.38) (layers "F.Cu" "F.Paste" "F.Mask")
      (net 7 "/USB_N"))
    (pad "1" smd rect (at -1.3 -1.46 270) (size 0.45 1.38) (layers "F.Cu" "F.Paste" "F.Mask")
      (net 34 "/VUSB"))
    (model "${KISYS3DMOD}/Connector_USB.3dshapes/USB_Micro-B_Molex_47346-0001.wrl"
      (at (xyz 0 0 0))
      (scale (xyz 1 1 1))
      (rotate (xyz 0 0 0))
    )
  )

  (module "Capacitor_SMD:C_0603_1608Metric_Pad1.05x0.95mm_HandSolder" (layer "F.Cu") (tedit 5B301BBE) (tstamp 5D1EB06A)
    (at 116.45 65.05 270)
    (descr "Capacitor SMD 0603 (1608 Metric), square (rectangular) end terminal, IPC_7351 nominal with elongated pad for handsoldering. (Body size source: http://www.tortai-tech.com/upload/download/2011102023233369053.pdf), generated with kicad-footprint-generator")
    (tags "capacitor handsolder")
    (path "/5B6351C6/5B6353CA")
    (attr smd)
    (fp_text reference "C3a1" (at 0 -1.43 90) (layer "F.SilkS")
      (effects (font (size 1 1) (thickness 0.15)))
    )
    (fp_text value "10uF" (at 0 1.43 90) (layer "F.Fab") hide
      (effects (font (size 1 1) (thickness 0.15)))
    )
    (fp_text user "%R" (at 0 0 90) (layer "F.Fab") hide
      (effects (font (size 0.4 0.4) (thickness 0.06)))
    )
    (fp_line (start 1.65 0.73) (end -1.65 0.73) (layer "F.CrtYd") (width 0.05))
    (fp_line (start 1.65 -0.73) (end 1.65 0.73) (layer "F.CrtYd") (width 0.05))
    (fp_line (start -1.65 -0.73) (end 1.65 -0.73) (layer "F.CrtYd") (width 0.05))
    (fp_line (start -1.65 0.73) (end -1.65 -0.73) (layer "F.CrtYd") (width 0.05))
    (fp_line (start -0.171267 0.51) (end 0.171267 0.51) (layer "F.SilkS") (width 0.12))
    (fp_line (start -0.171267 -0.51) (end 0.171267 -0.51) (layer "F.SilkS") (width 0.12))
    (fp_line (start 0.8 0.4) (end -0.8 0.4) (layer "F.Fab") (width 0.1))
    (fp_line (start 0.8 -0.4) (end 0.8 0.4) (layer "F.Fab") (width 0.1))
    (fp_line (start -0.8 -0.4) (end 0.8 -0.4) (layer "F.Fab") (width 0.1))
    (fp_line (start -0.8 0.4) (end -0.8 -0.4) (layer "F.Fab") (width 0.1))
    (pad "2" smd roundrect (at 0.875 0 270) (size 1.05 0.95) (layers "F.Cu" "F.Paste" "F.Mask") (roundrect_rratio 0.25)
      (net 1 "GND"))
    (pad "1" smd roundrect (at -0.875 0 270) (size 1.05 0.95) (layers "F.Cu" "F.Paste" "F.Mask") (roundrect_rratio 0.25)
      (net 32 "+3V3"))
    (model "${KISYS3DMOD}/Capacitor_SMD.3dshapes/C_0603_1608Metric.wrl"
      (at (xyz 0 0 0))
      (scale (xyz 1 1 1))
      (rotate (xyz 0 0 0))
    )
  )

  (module "Package_TO_SOT_SMD:SOT-89-3" (layer "F.Cu") (tedit 5A02FF57) (tstamp 5D1D9FB0)
    (at 96.35 48.25 180)
    (descr "SOT-89-3")
    (tags "SOT-89-3")
    (path "/5B6351C6/5BB07412")
    (attr smd)
    (fp_text reference "U1" (at 0.45 -3.2) (layer "F.SilkS")
      (effects (font (size 1 1) (thickness 0.15)))
    )
    (fp_text value "AP7215-33YG-13" (at 0.45 3.25) (layer "F.Fab") hide
      (effects (font (size 1 1) (thickness 0.15)))
    )
    (fp_text user "%R" (at 0.38 0 90) (layer "F.Fab")
      (effects (font (size 0.6 0.6) (thickness 0.09)))
    )
    (fp_line (start 1.78 1.2) (end 1.78 2.4) (layer "F.SilkS") (width 0.12))
    (fp_line (start 1.78 2.4) (end -0.92 2.4) (layer "F.SilkS") (width 0.12))
    (fp_line (start -2.22 -2.4) (end 1.78 -2.4) (layer "F.SilkS") (width 0.12))
    (fp_line (start 1.78 -2.4) (end 1.78 -1.2) (layer "F.SilkS") (width 0.12))
    (fp_line (start -0.92 -1.51) (end -0.13 -2.3) (layer "F.Fab") (width 0.1))
    (fp_line (start 1.68 -2.3) (end 1.68 2.3) (layer "F.Fab") (width 0.1))
    (fp_line (start 1.68 2.3) (end -0.92 2.3) (layer "F.Fab") (width 0.1))
    (fp_line (start -0.92 2.3) (end -0.92 -1.51) (layer "F.Fab") (width 0.1))
    (fp_line (start -0.13 -2.3) (end 1.68 -2.3) (layer "F.Fab") (width 0.1))
    (fp_line (start 3.23 -2.55) (end 3.23 2.55) (layer "F.CrtYd") (width 0.05))
    (fp_line (start 3.23 -2.55) (end -2.48 -2.55) (layer "F.CrtYd") (width 0.05))
    (fp_line (start -2.48 2.55) (end 3.23 2.55) (layer "F.CrtYd") (width 0.05))
    (fp_line (start -2.48 2.55) (end -2.48 -2.55) (layer "F.CrtYd") (width 0.05))
    (pad "2" smd trapezoid (at -0.0762 0 270) (size 1.5 1) (rect_delta 0 0.7 ) (layers "F.Cu" "F.Paste" "F.Mask")
      (net 33 "/Power/VIN"))
    (pad "2" smd rect (at 1.3335 0 90) (size 2.2 1.84) (layers "F.Cu" "F.Paste" "F.Mask")
      (net 33 "/Power/VIN"))
    (pad "3" smd rect (at -1.48 1.5 90) (size 1 1.5) (layers "F.Cu" "F.Paste" "F.Mask")
      (net 32 "+3V3"))
    (pad "2" smd rect (at -1.3335 0 90) (size 1 1.8) (layers "F.Cu" "F.Paste" "F.Mask")
      (net 33 "/Power/VIN"))
    (pad "1" smd rect (at -1.48 -1.5 90) (size 1 1.5) (layers "F.Cu" "F.Paste" "F.Mask")
      (net 1 "GND"))
    (pad "2" smd trapezoid (at 2.667 0 90) (size 1.6 0.85) (rect_delta 0 0.6 ) (layers "F.Cu" "F.Paste" "F.Mask")
      (net 33 "/Power/VIN"))
    (model "${KISYS3DMOD}/Package_TO_SOT_SMD.3dshapes/SOT-89-3.wrl"
      (at (xyz 0 0 0))
      (scale (xyz 1 1 1))
      (rotate (xyz 0 0 0))
    )
  )

  (module "Package_TO_SOT_SMD:SOT-143" (layer "B.Cu") (tedit 5A02FF57) (tstamp 5D1D9D0C)
    (at 100 58.65 90)
    (descr "SOT-143")
    (tags "SOT-143")
    (path "/5B626331/5B62BD6A")
    (attr smd)
    (fp_text reference "D1" (at 0.02 2.38 270) (layer "B.SilkS")
      (effects (font (size 1 1) (thickness 0.15)) (justify mirror))
    )
    (fp_text value "PRTR5V0U2X" (at -0.28 -2.48 270) (layer "B.Fab") hide
      (effects (font (size 1 1) (thickness 0.15)) (justify mirror))
    )
    (fp_text user "%R" (at 0 0) (layer "B.Fab") hide
      (effects (font (size 0.5 0.5) (thickness 0.075)) (justify mirror))
    )
    (fp_line (start -1.2 -1.55) (end 1.2 -1.55) (layer "B.SilkS") (width 0.12))
    (fp_line (start 1.2 1.55) (end -1.75 1.55) (layer "B.SilkS") (width 0.12))
    (fp_line (start -1.2 1) (end -0.7 1.5) (layer "B.Fab") (width 0.1))
    (fp_line (start -0.7 1.5) (end 1.2 1.5) (layer "B.Fab") (width 0.1))
    (fp_line (start -1.2 -1.5) (end -1.2 1) (layer "B.Fab") (width 0.1))
    (fp_line (start 1.2 -1.5) (end -1.2 -1.5) (layer "B.Fab") (width 0.1))
    (fp_line (start 1.2 1.5) (end 1.2 -1.5) (layer "B.Fab") (width 0.1))
    (fp_line (start 2.05 1.75) (end 2.05 -1.75) (layer "B.CrtYd") (width 0.05))
    (fp_line (start 2.05 1.75) (end -2.05 1.75) (layer "B.CrtYd") (width 0.05))
    (fp_line (start -2.05 -1.75) (end 2.05 -1.75) (layer "B.CrtYd") (width 0.05))
    (fp_line (start -2.05 -1.75) (end -2.05 1.75) (layer "B.CrtYd") (width 0.05))
    (pad "4" smd rect (at 1.1 0.95 180) (size 1 1.4) (layers "B.Cu" "B.Paste" "B.Mask")
      (net 34 "/VUSB"))
    (pad "3" smd rect (at 1.1 -0.95 180) (size 1 1.4) (layers "B.Cu" "B.Paste" "B.Mask")
      (net 7 "/USB_N"))
    (pad "2" smd rect (at -1.1 -0.95 180) (size 1 1.4) (layers "B.Cu" "B.Paste" "B.Mask")
      (net 6 "/USB_P"))
    (pad "1" smd rect (at -1.1 0.77 180) (size 1.2 1.4) (layers "B.Cu" "B.Paste" "B.Mask")
      (net 31 "/USB/SHIELD"))
    (model "${KISYS3DMOD}/Package_TO_SOT_SMD.3dshapes/SOT-143.wrl"
      (at (xyz 0 0 0))
      (scale (xyz 1 1 1))
      (rotate (xyz 0 0 0))
    )
  )

  (module "Resistor_SMD:R_0603_1608Metric_Pad1.05x0.95mm_HandSolder" (layer "F.Cu") (tedit 5B301BBD) (tstamp 5D1D926D)
    (at 135.3 51.95 180)
    (descr "Resistor SMD 0603 (1608 Metric), square (rectangular) end terminal, IPC_7351 nominal with elongated pad for handsoldering. (Body size source: http://www.tortai-tech.com/upload/download/2011102023233369053.pdf), generated with kicad-footprint-generator")
    (tags "resistor handsolder")
    (path "/5D1D1FD3/5D1D8E69")
    (attr smd)
    (fp_text reference "R5" (at 0 -1.43) (layer "F.SilkS")
      (effects (font (size 1 1) (thickness 0.15)))
    )
    (fp_text value "100k" (at 0 1.43) (layer "F.Fab") hide
      (effects (font (size 1 1) (thickness 0.15)))
    )
    (fp_line (start -0.8 0.4) (end -0.8 -0.4) (layer "F.Fab") (width 0.1))
    (fp_line (start -0.8 -0.4) (end 0.8 -0.4) (layer "F.Fab") (width 0.1))
    (fp_line (start 0.8 -0.4) (end 0.8 0.4) (layer "F.Fab") (width 0.1))
    (fp_line (start 0.8 0.4) (end -0.8 0.4) (layer "F.Fab") (width 0.1))
    (fp_line (start -0.171267 -0.51) (end 0.171267 -0.51) (layer "F.SilkS") (width 0.12))
    (fp_line (start -0.171267 0.51) (end 0.171267 0.51) (layer "F.SilkS") (width 0.12))
    (fp_line (start -1.65 0.73) (end -1.65 -0.73) (layer "F.CrtYd") (width 0.05))
    (fp_line (start -1.65 -0.73) (end 1.65 -0.73) (layer "F.CrtYd") (width 0.05))
    (fp_line (start 1.65 -0.73) (end 1.65 0.73) (layer "F.CrtYd") (width 0.05))
    (fp_line (start 1.65 0.73) (end -1.65 0.73) (layer "F.CrtYd") (width 0.05))
    (fp_text user "%R" (at 0 0) (layer "F.Fab") hide
      (effects (font (size 0.4 0.4) (thickness 0.06)))
    )
    (pad "2" smd roundrect (at 0.875 0 180) (size 1.05 0.95) (layers "F.Cu" "F.Paste" "F.Mask") (roundrect_rratio 0.25)
      (net 36 "/DL_NSS"))
    (pad "1" smd roundrect (at -0.875 0 180) (size 1.05 0.95) (layers "F.Cu" "F.Paste" "F.Mask") (roundrect_rratio 0.25)
      (net 32 "+3V3"))
    (model "${KISYS3DMOD}/Resistor_SMD.3dshapes/R_0603_1608Metric.wrl"
      (at (xyz 0 0 0))
      (scale (xyz 1 1 1))
      (rotate (xyz 0 0 0))
    )
  )

  (module "Resistor_SMD:R_0603_1608Metric_Pad1.05x0.95mm_HandSolder" (layer "F.Cu") (tedit 5B301BBD) (tstamp 5D1D925C)
    (at 93.3 60.1 180)
    (descr "Resistor SMD 0603 (1608 Metric), square (rectangular) end terminal, IPC_7351 nominal with elongated pad for handsoldering. (Body size source: http://www.tortai-tech.com/upload/download/2011102023233369053.pdf), generated with kicad-footprint-generator")
    (tags "resistor handsolder")
    (path "/5B626331/5D1D507C")
    (attr smd)
    (fp_text reference "R4" (at -2.35 0 90) (layer "F.SilkS")
      (effects (font (size 1 1) (thickness 0.15)))
    )
    (fp_text value "330" (at 0 1.43) (layer "F.Fab") hide
      (effects (font (size 1 1) (thickness 0.15)))
    )
    (fp_line (start -0.8 0.4) (end -0.8 -0.4) (layer "F.Fab") (width 0.1))
    (fp_line (start -0.8 -0.4) (end 0.8 -0.4) (layer "F.Fab") (width 0.1))
    (fp_line (start 0.8 -0.4) (end 0.8 0.4) (layer "F.Fab") (width 0.1))
    (fp_line (start 0.8 0.4) (end -0.8 0.4) (layer "F.Fab") (width 0.1))
    (fp_line (start -0.171267 -0.51) (end 0.171267 -0.51) (layer "F.SilkS") (width 0.12))
    (fp_line (start -0.171267 0.51) (end 0.171267 0.51) (layer "F.SilkS") (width 0.12))
    (fp_line (start -1.65 0.73) (end -1.65 -0.73) (layer "F.CrtYd") (width 0.05))
    (fp_line (start -1.65 -0.73) (end 1.65 -0.73) (layer "F.CrtYd") (width 0.05))
    (fp_line (start 1.65 -0.73) (end 1.65 0.73) (layer "F.CrtYd") (width 0.05))
    (fp_line (start 1.65 0.73) (end -1.65 0.73) (layer "F.CrtYd") (width 0.05))
    (fp_text user "%R" (at 0 0) (layer "F.Fab") hide
      (effects (font (size 0.4 0.4) (thickness 0.06)))
    )
    (pad "2" smd roundrect (at 0.875 0 180) (size 1.05 0.95) (layers "F.Cu" "F.Paste" "F.Mask") (roundrect_rratio 0.25)
      (net 9 "/USB/ID"))
    (pad "1" smd roundrect (at -0.875 0 180) (size 1.05 0.95) (layers "F.Cu" "F.Paste" "F.Mask") (roundrect_rratio 0.25)
      (net 8 "/USB_ID"))
    (model "${KISYS3DMOD}/Resistor_SMD.3dshapes/R_0603_1608Metric.wrl"
      (at (xyz 0 0 0))
      (scale (xyz 1 1 1))
      (rotate (xyz 0 0 0))
    )
  )

  (module "Resistor_SMD:R_0603_1608Metric_Pad1.05x0.95mm_HandSolder" (layer "F.Cu") (tedit 5B301BBD) (tstamp 5D1D924B)
    (at 92.45 62.6 90)
    (descr "Resistor SMD 0603 (1608 Metric), square (rectangular) end terminal, IPC_7351 nominal with elongated pad for handsoldering. (Body size source: http://www.tortai-tech.com/upload/download/2011102023233369053.pdf), generated with kicad-footprint-generator")
    (tags "resistor handsolder")
    (path "/5B626331/5B62BE0D")
    (attr smd)
    (fp_text reference "R3" (at -2.3 0 180) (layer "F.SilkS")
      (effects (font (size 1 1) (thickness 0.15)))
    )
    (fp_text value "1M" (at 0 1.43 90) (layer "F.Fab") hide
      (effects (font (size 1 1) (thickness 0.15)))
    )
    (fp_line (start -0.8 0.4) (end -0.8 -0.4) (layer "F.Fab") (width 0.1))
    (fp_line (start -0.8 -0.4) (end 0.8 -0.4) (layer "F.Fab") (width 0.1))
    (fp_line (start 0.8 -0.4) (end 0.8 0.4) (layer "F.Fab") (width 0.1))
    (fp_line (start 0.8 0.4) (end -0.8 0.4) (layer "F.Fab") (width 0.1))
    (fp_line (start -0.171267 -0.51) (end 0.171267 -0.51) (layer "F.SilkS") (width 0.12))
    (fp_line (start -0.171267 0.51) (end 0.171267 0.51) (layer "F.SilkS") (width 0.12))
    (fp_line (start -1.65 0.73) (end -1.65 -0.73) (layer "F.CrtYd") (width 0.05))
    (fp_line (start -1.65 -0.73) (end 1.65 -0.73) (layer "F.CrtYd") (width 0.05))
    (fp_line (start 1.65 -0.73) (end 1.65 0.73) (layer "F.CrtYd") (width 0.05))
    (fp_line (start 1.65 0.73) (end -1.65 0.73) (layer "F.CrtYd") (width 0.05))
    (fp_text user "%R" (at 0 0 90) (layer "F.Fab") hide
      (effects (font (size 0.4 0.4) (thickness 0.06)))
    )
    (pad "2" smd roundrect (at 0.875 0 90) (size 1.05 0.95) (layers "F.Cu" "F.Paste" "F.Mask") (roundrect_rratio 0.25)
      (net 1 "GND"))
    (pad "1" smd roundrect (at -0.875 0 90) (size 1.05 0.95) (layers "F.Cu" "F.Paste" "F.Mask") (roundrect_rratio 0.25)
      (net 31 "/USB/SHIELD"))
    (model "${KISYS3DMOD}/Resistor_SMD.3dshapes/R_0603_1608Metric.wrl"
      (at (xyz 0 0 0))
      (scale (xyz 1 1 1))
      (rotate (xyz 0 0 0))
    )
  )

  (module "Resistor_SMD:R_0603_1608Metric_Pad1.05x0.95mm_HandSolder" (layer "B.Cu") (tedit 5B301BBD) (tstamp 5D1D923A)
    (at 109.05 65.95 180)
    (descr "Resistor SMD 0603 (1608 Metric), square (rectangular) end terminal, IPC_7351 nominal with elongated pad for handsoldering. (Body size source: http://www.tortai-tech.com/upload/download/2011102023233369053.pdf), generated with kicad-footprint-generator")
    (tags "resistor handsolder")
    (path "/5BFFA937/5D1DB464")
    (attr smd)
    (fp_text reference "R2" (at 0 1.35) (layer "B.SilkS")
      (effects (font (size 1 1) (thickness 0.15)) (justify mirror))
    )
    (fp_text value "10k" (at 0 -1.43) (layer "B.Fab") hide
      (effects (font (size 1 1) (thickness 0.15)) (justify mirror))
    )
    (fp_line (start -0.8 -0.4) (end -0.8 0.4) (layer "B.Fab") (width 0.1))
    (fp_line (start -0.8 0.4) (end 0.8 0.4) (layer "B.Fab") (width 0.1))
    (fp_line (start 0.8 0.4) (end 0.8 -0.4) (layer "B.Fab") (width 0.1))
    (fp_line (start 0.8 -0.4) (end -0.8 -0.4) (layer "B.Fab") (width 0.1))
    (fp_line (start -0.171267 0.51) (end 0.171267 0.51) (layer "B.SilkS") (width 0.12))
    (fp_line (start -0.171267 -0.51) (end 0.171267 -0.51) (layer "B.SilkS") (width 0.12))
    (fp_line (start -1.65 -0.73) (end -1.65 0.73) (layer "B.CrtYd") (width 0.05))
    (fp_line (start -1.65 0.73) (end 1.65 0.73) (layer "B.CrtYd") (width 0.05))
    (fp_line (start 1.65 0.73) (end 1.65 -0.73) (layer "B.CrtYd") (width 0.05))
    (fp_line (start 1.65 -0.73) (end -1.65 -0.73) (layer "B.CrtYd") (width 0.05))
    (fp_text user "%R" (at 0 0) (layer "B.Fab") hide
      (effects (font (size 0.4 0.4) (thickness 0.06)) (justify mirror))
    )
    (pad "2" smd roundrect (at 0.875 0 180) (size 1.05 0.95) (layers "B.Cu" "B.Paste" "B.Mask") (roundrect_rratio 0.25)
      (net 12 "/RESET"))
    (pad "1" smd roundrect (at -0.875 0 180) (size 1.05 0.95) (layers "B.Cu" "B.Paste" "B.Mask") (roundrect_rratio 0.25)
      (net 32 "+3V3"))
    (model "${KISYS3DMOD}/Resistor_SMD.3dshapes/R_0603_1608Metric.wrl"
      (at (xyz 0 0 0))
      (scale (xyz 1 1 1))
      (rotate (xyz 0 0 0))
    )
  )

  (module "Resistor_SMD:R_0603_1608Metric_Pad1.05x0.95mm_HandSolder" (layer "B.Cu") (tedit 5B301BBD) (tstamp 5D1D9229)
    (at 114.45 65.9)
    (descr "Resistor SMD 0603 (1608 Metric), square (rectangular) end terminal, IPC_7351 nominal with elongated pad for handsoldering. (Body size source: http://www.tortai-tech.com/upload/download/2011102023233369053.pdf), generated with kicad-footprint-generator")
    (tags "resistor handsolder")
    (path "/5BFFA937/5BFFC4E5")
    (attr smd)
    (fp_text reference "R1" (at 0 1.43) (layer "B.SilkS")
      (effects (font (size 1 1) (thickness 0.15)) (justify mirror))
    )
    (fp_text value "1k" (at 0 -1.43) (layer "B.Fab") hide
      (effects (font (size 1 1) (thickness 0.15)) (justify mirror))
    )
    (fp_line (start -0.8 -0.4) (end -0.8 0.4) (layer "B.Fab") (width 0.1))
    (fp_line (start -0.8 0.4) (end 0.8 0.4) (layer "B.Fab") (width 0.1))
    (fp_line (start 0.8 0.4) (end 0.8 -0.4) (layer "B.Fab") (width 0.1))
    (fp_line (start 0.8 -0.4) (end -0.8 -0.4) (layer "B.Fab") (width 0.1))
    (fp_line (start -0.171267 0.51) (end 0.171267 0.51) (layer "B.SilkS") (width 0.12))
    (fp_line (start -0.171267 -0.51) (end 0.171267 -0.51) (layer "B.SilkS") (width 0.12))
    (fp_line (start -1.65 -0.73) (end -1.65 0.73) (layer "B.CrtYd") (width 0.05))
    (fp_line (start -1.65 0.73) (end 1.65 0.73) (layer "B.CrtYd") (width 0.05))
    (fp_line (start 1.65 0.73) (end 1.65 -0.73) (layer "B.CrtYd") (width 0.05))
    (fp_line (start 1.65 -0.73) (end -1.65 -0.73) (layer "B.CrtYd") (width 0.05))
    (fp_text user "%R" (at 0 0) (layer "B.Fab") hide
      (effects (font (size 0.4 0.4) (thickness 0.06)) (justify mirror))
    )
    (pad "2" smd roundrect (at 0.875 0) (size 1.05 0.95) (layers "B.Cu" "B.Paste" "B.Mask") (roundrect_rratio 0.25)
      (net 11 "/SWCLK"))
    (pad "1" smd roundrect (at -0.875 0) (size 1.05 0.95) (layers "B.Cu" "B.Paste" "B.Mask") (roundrect_rratio 0.25)
      (net 32 "+3V3"))
    (model "${KISYS3DMOD}/Resistor_SMD.3dshapes/R_0603_1608Metric.wrl"
      (at (xyz 0 0 0))
      (scale (xyz 1 1 1))
      (rotate (xyz 0 0 0))
    )
  )

  (module "Capacitor_SMD:C_0603_1608Metric_Pad1.05x0.95mm_HandSolder" (layer "F.Cu") (tedit 5B301BBE) (tstamp 5D1D8F14)
    (at 94 62.6 90)
    (descr "Capacitor SMD 0603 (1608 Metric), square (rectangular) end terminal, IPC_7351 nominal with elongated pad for handsoldering. (Body size source: http://www.tortai-tech.com/upload/download/2011102023233369053.pdf), generated with kicad-footprint-generator")
    (tags "capacitor handsolder")
    (path "/5B626331/5B62BE71")
    (attr smd)
    (fp_text reference "C5" (at 0 1.35 90) (layer "F.SilkS")
      (effects (font (size 1 1) (thickness 0.15)))
    )
    (fp_text value "4.7nF" (at 0 1.43 90) (layer "F.Fab") hide
      (effects (font (size 1 1) (thickness 0.15)))
    )
    (fp_line (start -0.8 0.4) (end -0.8 -0.4) (layer "F.Fab") (width 0.1))
    (fp_line (start -0.8 -0.4) (end 0.8 -0.4) (layer "F.Fab") (width 0.1))
    (fp_line (start 0.8 -0.4) (end 0.8 0.4) (layer "F.Fab") (width 0.1))
    (fp_line (start 0.8 0.4) (end -0.8 0.4) (layer "F.Fab") (width 0.1))
    (fp_line (start -0.171267 -0.51) (end 0.171267 -0.51) (layer "F.SilkS") (width 0.12))
    (fp_line (start -0.171267 0.51) (end 0.171267 0.51) (layer "F.SilkS") (width 0.12))
    (fp_line (start -1.65 0.73) (end -1.65 -0.73) (layer "F.CrtYd") (width 0.05))
    (fp_line (start -1.65 -0.73) (end 1.65 -0.73) (layer "F.CrtYd") (width 0.05))
    (fp_line (start 1.65 -0.73) (end 1.65 0.73) (layer "F.CrtYd") (width 0.05))
    (fp_line (start 1.65 0.73) (end -1.65 0.73) (layer "F.CrtYd") (width 0.05))
    (fp_text user "%R" (at 0 0 90) (layer "F.Fab") hide
      (effects (font (size 0.4 0.4) (thickness 0.06)))
    )
    (pad "2" smd roundrect (at 0.875 0 90) (size 1.05 0.95) (layers "F.Cu" "F.Paste" "F.Mask") (roundrect_rratio 0.25)
      (net 1 "GND"))
    (pad "1" smd roundrect (at -0.875 0 90) (size 1.05 0.95) (layers "F.Cu" "F.Paste" "F.Mask") (roundrect_rratio 0.25)
      (net 31 "/USB/SHIELD"))
    (model "${KISYS3DMOD}/Capacitor_SMD.3dshapes/C_0603_1608Metric.wrl"
      (at (xyz 0 0 0))
      (scale (xyz 1 1 1))
      (rotate (xyz 0 0 0))
    )
  )

  (module "Crystal:Crystal_SMD_EuroQuartz_EQ161-2Pin_3.2x1.5mm_HandSoldering" (layer "F.Cu") (tedit 5A0FD1B2) (tstamp 5D1DA28D)
    (at 119.15 58.725 90)
    (descr "SMD Crystal EuroQuartz EQ161 series http://cdn-reichelt.de/documents/datenblatt/B400/PG32768C.pdf, hand-soldering, 3.2x1.5mm^2 package")
    (tags "SMD SMT crystal hand-soldering")
    (path "/5B6537AB")
    (attr smd)
    (fp_text reference "Y1" (at 0 0 90) (layer "F.SilkS")
      (effects (font (size 0.9 0.9) (thickness 0.15)))
    )
    (fp_text value "32.768kHz" (at 0 1.95 90) (layer "F.Fab") hide
      (effects (font (size 1 1) (thickness 0.15)))
    )
    (fp_line (start 2.8 -1.2) (end -2.8 -1.2) (layer "F.CrtYd") (width 0.05))
    (fp_line (start 2.8 1.2) (end 2.8 -1.2) (layer "F.CrtYd") (width 0.05))
    (fp_line (start -2.8 1.2) (end 2.8 1.2) (layer "F.CrtYd") (width 0.05))
    (fp_line (start -2.8 -1.2) (end -2.8 1.2) (layer "F.CrtYd") (width 0.05))
    (fp_line (start -2.7 -0.9) (end -2.7 0.9) (layer "F.SilkS") (width 0.12))
    (fp_line (start -0.55 0.95) (end 0.55 0.95) (layer "F.SilkS") (width 0.12))
    (fp_line (start -0.55 -0.95) (end 0.55 -0.95) (layer "F.SilkS") (width 0.12))
    (fp_line (start -1.6 0.25) (end -1.1 0.75) (layer "F.Fab") (width 0.1))
    (fp_line (start -1.6 -0.65) (end -1.5 -0.75) (layer "F.Fab") (width 0.1))
    (fp_line (start -1.6 0.65) (end -1.6 -0.65) (layer "F.Fab") (width 0.1))
    (fp_line (start -1.5 0.75) (end -1.6 0.65) (layer "F.Fab") (width 0.1))
    (fp_line (start 1.5 0.75) (end -1.5 0.75) (layer "F.Fab") (width 0.1))
    (fp_line (start 1.6 0.65) (end 1.5 0.75) (layer "F.Fab") (width 0.1))
    (fp_line (start 1.6 -0.65) (end 1.6 0.65) (layer "F.Fab") (width 0.1))
    (fp_line (start 1.5 -0.75) (end 1.6 -0.65) (layer "F.Fab") (width 0.1))
    (fp_line (start -1.5 -0.75) (end 1.5 -0.75) (layer "F.Fab") (width 0.1))
    (fp_text user "%R" (at 0 0 90) (layer "F.Fab") hide
      (effects (font (size 0.7 0.7) (thickness 0.105)))
    )
    (pad "2" smd rect (at 1.625 0 90) (size 1.75 1.8) (layers "F.Cu" "F.Paste" "F.Mask")
      (net 5 "/XOUT32"))
    (pad "1" smd rect (at -1.625 0 90) (size 1.75 1.8) (layers "F.Cu" "F.Paste" "F.Mask")
      (net 4 "/XIN32"))
    (model "${KISYS3DMOD}/Crystal.3dshapes/Crystal_SMD_EuroQuartz_EQ161-2Pin_3.2x1.5mm_HandSoldering.wrl"
      (at (xyz 0 0 0))
      (scale (xyz 1 1 1))
      (rotate (xyz 0 0 0))
    )
  )

  (module "GPS:XA1110_I2C" (layer "F.Cu") (tedit 5BFC5971) (tstamp 5D1ED91D)
    (at 121.2 53.9 270)
    (path "/5BFD5FD7")
    (fp_text reference "U5" (at 0 -16.51 90) (layer "F.SilkS")
      (effects (font (size 1 1) (thickness 0.15)))
    )
    (fp_text value "XA1110" (at -9.7 0.1 180) (layer "F.SilkS") hide
      (effects (font (size 0.7 0.7) (thickness 0.15)))
    )
    (fp_line (start -12.7 -15.24) (end 12.7 -15.24) (layer "F.SilkS") (width 0.15))
    (fp_line (start 12.7 15.24) (end 12.7 -15.24) (layer "F.SilkS") (width 0.15))
    (fp_line (start -12.7 15.24) (end 12.7 15.24) (layer "F.SilkS") (width 0.15))
    (fp_line (start -12.7 -15.24) (end -12.7 15.24) (layer "F.SilkS") (width 0.15))
    (pad "5" thru_hole circle (at -11.43 5.08 270) (size 1.524 1.524) (drill 0.762) (layers *.Cu *.Mask)
      (net 15 "/SCL"))
    (pad "4" thru_hole circle (at -11.43 2.54 270) (size 1.524 1.524) (drill 0.762) (layers *.Cu *.Mask)
      (net 14 "/SDA"))
    (pad "3" thru_hole circle (at -11.43 0 270) (size 1.524 1.524) (drill 0.762) (layers *.Cu *.Mask)
      (net 32 "+3V3"))
    (pad "2" thru_hole circle (at -11.43 -2.54 270) (size 1.524 1.524) (drill 0.762) (layers *.Cu *.Mask)
      (net 1 "GND"))
    (pad "1" thru_hole rect (at -11.43 -5.08 270) (size 1.524 1.524) (drill 0.762) (layers *.Cu *.Mask)
      (net 38 "/GPS_INT"))
    (model "${KISYS3DMOD}/Connector_PinSocket_2.54mm.3dshapes/PinSocket_1x05_P2.54mm_Vertical.step"
      (offset (xyz -11.45 5.05 0))
      (scale (xyz 1 1 1))
      (rotate (xyz 0 0 0))
    )
  )

  (module "Transceptor:RFM69HCW" (layer "B.Cu") (tedit 5D1D2148) (tstamp 5D1DA24D)
    (at 146.15 50.85 270)
    (path "/5BD13DD6/5BD13EFB")
    (fp_text reference "U3" (at -0.00254 9.12876 270) (layer "B.SilkS")
      (effects (font (size 1 1) (thickness 0.15)) (justify mirror))
    )
    (fp_text value "RFM69HCW" (at -0.00254 -9.20496 270) (layer "B.Fab") hide
      (effects (font (size 1 1) (thickness 0.15)) (justify mirror))
    )
    (fp_line (start -1 1.3) (end 0 2.3) (layer "B.SilkS") (width 0.15))
    (fp_line (start 0 6.3) (end 0 2.3) (layer "B.SilkS") (width 0.15))
    (fp_line (start -1 1.3) (end -4.3 1.3) (layer "B.SilkS") (width 0.15))
    (fp_line (start -4.3 1.3) (end -4.3 6.31952) (layer "B.SilkS") (width 0.15))
    (fp_line (start -4.3 6.3) (end 0 6.3) (layer "B.SilkS") (width 0.15))
    (fp_line (start 9.7 8.5) (end -9.7 8.5) (layer "B.CrtYd") (width 0.15))
    (fp_line (start -9.7 -8.5) (end -9.7 8.5) (layer "B.CrtYd") (width 0.15))
    (fp_line (start 9.7 -8.5) (end -9.7 -8.5) (layer "B.CrtYd") (width 0.15))
    (fp_line (start 9.7 -8.5) (end 9.7 8.5) (layer "B.CrtYd") (width 0.15))
    (fp_line (start -8 6) (end -6 8) (layer "B.Fab") (width 0.15))
    (fp_line (start -6 8) (end 8 8) (layer "B.Fab") (width 0.15))
    (fp_line (start 8 -8) (end 8 8) (layer "B.Fab") (width 0.15))
    (fp_line (start -8 -8) (end -8 6) (layer "B.Fab") (width 0.15))
    (fp_line (start -8 -8) (end 8 -8) (layer "B.Fab") (width 0.15))
    (pad "16" smd rect (at 8 7 270) (size 2.5 1.3) (layers "B.Cu" "B.Paste" "B.Mask")
      (net 28 "/Communication/DIO2"))
    (pad "15" smd rect (at 8 5 270) (size 2.5 1.3) (layers "B.Cu" "B.Paste" "B.Mask")
      (net 27 "/Communication/DIO1"))
    (pad "14" smd rect (at 8 3 270) (size 2.5 1.3) (layers "B.Cu" "B.Paste" "B.Mask")
      (net 26 "/TRX_INT"))
    (pad "13" smd rect (at 8 1 270) (size 2.5 1.3) (layers "B.Cu" "B.Paste" "B.Mask")
      (net 32 "+3V3"))
    (pad "12" smd rect (at 8 -1 270) (size 2.5 1.3) (layers "B.Cu" "B.Paste" "B.Mask")
      (net 25 "/Communication/DIO4"))
    (pad "11" smd rect (at 8 -3 270) (size 2.5 1.3) (layers "B.Cu" "B.Paste" "B.Mask")
      (net 24 "/Communication/DIO3"))
    (pad "10" smd rect (at 8 -5 270) (size 2.5 1.3) (layers "B.Cu" "B.Paste" "B.Mask")
      (net 1 "GND"))
    (pad "9" smd rect (at 8 -7 270) (size 2.5 1.3) (layers "B.Cu" "B.Paste" "B.Mask")
      (net 30 "/Communication/ANT"))
    (pad "8" smd rect (at -8 -7 270) (size 2.5 1.3) (layers "B.Cu" "B.Paste" "B.Mask")
      (net 1 "GND"))
