(kicad_pcb (version 20171130) (host pcbnew 6.0.0-rc1-unknown-ce496ff~66~ubuntu18.04.1)

  (general
    (thickness 1.6)
    (drawings 8)
    (tracks 432)
    (zones 0)
    (modules 26)
    (nets 49)
  )

  (page A4)
  (layers
    (0 F.Cu signal)
    (31 B.Cu signal)
    (32 B.Adhes user)
    (33 F.Adhes user)
    (34 B.Paste user)
    (35 F.Paste user)
    (36 B.SilkS user)
    (37 F.SilkS user)
    (38 B.Mask user)
    (39 F.Mask user)
    (40 Dwgs.User user)
    (41 Cmts.User user)
    (42 Eco1.User user)
    (43 Eco2.User user)
    (44 Edge.Cuts user)
    (45 Margin user)
    (46 B.CrtYd user)
    (47 F.CrtYd user)
    (48 B.Fab user)
    (49 F.Fab user)
  )

  (setup
    (last_trace_width 0.5)
    (trace_clearance 0.2)
    (zone_clearance 0.508)
    (zone_45_only no)
    (trace_min 0.2)
    (via_size 1)
    (via_drill 0.7)
    (via_min_size 0.4)
    (via_min_drill 0.3)
    (uvia_size 0.3)
    (uvia_drill 0.1)
    (uvias_allowed no)
    (uvia_min_size 0.2)
    (uvia_min_drill 0.1)
    (edge_width 0.05)
    (segment_width 0.2)
    (pcb_text_width 0.3)
    (pcb_text_size 1.5 1.5)
    (mod_edge_width 0.12)
    (mod_text_size 1 1)
    (mod_text_width 0.15)
    (pad_size 1.4 1.9)
    (pad_drill 0)
    (pad_to_mask_clearance 0.051)
    (solder_mask_min_width 0.25)
    (aux_axis_origin 0 0)
    (visible_elements FFFFFF7F)
    (pcbplotparams
      (layerselection 0x010fc_ffffffff)
      (usegerberextensions true)
      (usegerberattributes false)
      (usegerberadvancedattributes false)
      (creategerberjobfile false)
      (excludeedgelayer true)
      (linewidth 0.100000)
      (plotframeref false)
      (viasonmask false)
      (mode 1)
      (useauxorigin false)
      (hpglpennumber 1)
      (hpglpenspeed 20)
      (hpglpendiameter 15.000000)
      (psnegative false)
      (psa4output false)
      (plotreference true)
      (plotvalue true)
      (plotinvisibletext false)
      (padsonsilk false)
      (subtractmaskfromsilk false)
      (outputformat 1)
      (mirror false)
      (drillshape 0)
      (scaleselection 1)
      (outputdirectory "GERBER/"))
  )

  (net 0 "")
  (net 1 GND)
  (net 2 /3V3)
  (net 3 /VDDCORE)
  (net 4 "Net-(C6-Pad1)")
  (net 5 /XIN32)
  (net 6 /XOUT32)
  (net 7 /VDDANA)
  (net 8 /VBUS)
  (net 9 /USB_ID)
  (net 10 /5V0)
  (net 11 /VIN)
  (net 12 /SWCLK)
  (net 13 /A0)
  (net 14 /AREF)
  (net 15 /LED)
  (net 16 /PB09)
  (net 17 /A3)
  (net 18 /A4)
  (net 19 /A5)
  (net 20 /A6)
  (net 21 /SDA)
  (net 22 /SCL)
  (net 23 /PIN_2)
  (net 24 /PIN_3)
  (net 25 /PIN_4)
  (net 26 /PIN_5)
  (net 27 /SD_MOSI)
  (net 28 /SD_SCK)
  (net 29 /SD_NSS)
  (net 30 /SD_MISO)
  (net 31 /MOSI)
  (net 32 /SCK)
  (net 33 /MISO)
  (net 34 /PIN_6)
  (net 35 /PIN_7)
  (net 36 /PIN_0)
  (net 37 /PIN_1)
  (net 38 /TX)
  (net 39 /RX)
  (net 40 /SD_CD)
  (net 41 /RESET)
  (net 42 /PA28)
  (net 43 /SWDIO)
  (net 44 /A1)
  (net 45 /A2)
  (net 46 /USB/ID)
  (net 47 /USB_P)
  (net 48 /USB_N)

  (net_class Default "This is the default net class."
    (clearance 0.2)
    (trace_width 0.5)
    (via_dia 1)
    (via_drill 0.7)
    (uvia_dia 0.3)
    (uvia_drill 0.1)
    (add_net /5V0)
    (add_net /USB_N)
    (add_net /USB_P)
    (add_net /VBUS)
    (add_net /VIN)
    (add_net /XIN32)
    (add_net /XOUT32)
    (add_net "Net-(C6-Pad1)")
  )

  (net_class uC ""
    (clearance 0.2)
    (trace_width 0.25)
    (via_dia 1)
    (via_drill 0.7)
    (uvia_dia 0.3)
    (uvia_drill 0.1)
    (add_net /3V3)
    (add_net /A0)
    (add_net /A1)
    (add_net /A2)
    (add_net /A3)
    (add_net /A4)
    (add_net /A5)
    (add_net /A6)
    (add_net /AREF)
    (add_net /LED)
    (add_net /MISO)
    (add_net /MOSI)
    (add_net /PA28)
    (add_net /PB09)
    (add_net /PIN_0)
    (add_net /PIN_1)
    (add_net /PIN_2)
    (add_net /PIN_3)
    (add_net /PIN_4)
    (add_net /PIN_5)
    (add_net /PIN_6)
    (add_net /PIN_7)
    (add_net /RESET)
    (add_net /RX)
    (add_net /SCK)
    (add_net /SCL)
    (add_net /SDA)
    (add_net /SD_CD)
    (add_net /SD_MISO)
    (add_net /SD_MOSI)
    (add_net /SD_NSS)
    (add_net /SD_SCK)
    (add_net /SWCLK)
    (add_net /SWDIO)
    (add_net /TX)
    (add_net /USB/ID)
    (add_net /USB_ID)
    (add_net /VDDANA)
    (add_net /VDDCORE)
    (add_net GND)
  )

  (module MKRZero_Shield:MKRZero_Shield (layer F.Cu) (tedit 5BB66460) (tstamp 5BA9A568)
    (at 169.4 70)
    (path /5B5A7302)
    (fp_text reference U2 (at 0.08128 -15.24508) (layer F.SilkS) hide
      (effects (font (size 1 1) (thickness 0.15)))
    )
    (fp_text value MKRZero_Shield (at -0.00762 11.67384) (layer F.Fab) hide
      (effects (font (size 1 1) (thickness 0.15)))
    )
    (fp_line (start 27.68882 -13.37346) (end 27.68882 -10.83346) (layer F.SilkS) (width 0.15))
    (fp_line (start -7.87118 -13.37346) (end -7.87118 -10.83346) (layer F.SilkS) (width 0.15))
    (fp_line (start -7.87118 -13.37346) (end 27.68882 -13.37346) (layer F.SilkS) (width 0.15))
    (fp_line (start -7.87118 -10.83346) (end 27.68882 -10.83346) (layer F.SilkS) (width 0.15))
    (fp_line (start 27.68882 6.94654) (end 27.68882 9.48654) (layer F.SilkS) (width 0.15))
    (fp_line (start -7.87118 6.94654) (end -7.87118 9.48654) (layer F.SilkS) (width 0.15))
    (fp_line (start -7.87118 9.48654) (end 27.68882 9.48654) (layer F.SilkS) (width 0.15))
    (fp_line (start -7.87118 6.94654) (end 27.68882 6.94654) (layer F.SilkS) (width 0.15))
    (fp_arc (start -26.48118 8.30654) (end -28.73118 8.30654) (angle -90) (layer F.SilkS) (width 0.15))
    (fp_line (start -28.73118 -12.19346) (end -28.73118 8.30654) (layer F.SilkS) (width 0.15))
    (fp_arc (start -26.48118 -12.19346) (end -26.48118 -14.44346) (angle -90) (layer F.SilkS) (width 0.15))
    (fp_line (start 30.51882 -14.44346) (end -26.48118 -14.44346) (layer F.SilkS) (width 0.15))
    (fp_arc (start 30.51882 -12.19346) (end 32.76882 -12.19346) (angle -90) (layer F.SilkS) (width 0.15))
    (fp_line (start 32.76882 8.30654) (end 32.76882 -12.19346) (layer F.SilkS) (width 0.15))
    (fp_arc (start 30.51882 8.30654) (end 30.51882 10.55654) (angle -90) (layer F.SilkS) (width 0.15))
    (fp_line (start -26.48118 10.55654) (end 30.51882 10.55654) (layer F.SilkS) (width 0.15))
    (pad "" np_thru_hole circle (at -26.48118 8.30654) (size 2.2 2.2) (drill 2.2) (layers *.Cu *.Mask))
    (pad "" np_thru_hole circle (at 30.51882 8.30654) (size 2.2 2.2) (drill 2.2) (layers *.Cu *.Mask))
    (pad "" np_thru_hole circle (at -26.48118 -12.19346) (size 2.2 2.2) (drill 2.2) (layers *.Cu *.Mask))
    (pad "" np_thru_hole circle (at 30.51882 -12.19346) (size 2.2 2.2) (drill 2.2) (layers *.Cu *.Mask))
    (pad 1 thru_hole circle (at -6.59638 8.21654) (size 1.7 1.7) (drill 0.9) (layers *.Cu *.Mask)
      (net 14 /AREF))
    (pad 2 thru_hole circle (at -4.05638 8.21654) (size 1.7 1.7) (drill 0.9) (layers *.Cu *.Mask)
      (net 13 /A0))
    (pad 3 thru_hole circle (at -1.51638 8.21654) (size 1.7 1.7) (drill 0.9) (layers *.Cu *.Mask)
      (net 44 /A1))
    (pad 4 thru_hole circle (at 1.02362 8.21654) (size 1.7 1.7) (drill 0.9) (layers *.Cu *.Mask)
      (net 45 /A2))
    (pad 5 thru_hole circle (at 3.56362 8.21654) (size 1.7 1.7) (drill 0.9) (layers *.Cu *.Mask)
      (net 17 /A3))
    (pad 6 thru_hole circle (at 6.10362 8.21654) (size 1.7 1.7) (drill 0.9) (layers *.Cu *.Mask)
      (net 18 /A4))
    (pad 7 thru_hole circle (at 8.64362 8.21654) (size 1.7 1.7) (drill 0.9) (layers *.Cu *.Mask)
      (net 19 /A5))
    (pad 8 thru_hole circle (at 11.18362 8.21654) (size 1.7 1.7) (drill 0.9) (layers *.Cu *.Mask)
      (net 20 /A6))
    (pad 9 thru_hole circle (at 13.72362 8.21654) (size 1.7 1.7) (drill 0.9) (layers *.Cu *.Mask)
      (net 36 /PIN_0))
    (pad 10 thru_hole circle (at 16.26362 8.21654) (size 1.7 1.7) (drill 0.9) (layers *.Cu *.Mask)
      (net 37 /PIN_1))
    (pad 11 thru_hole circle (at 18.80362 8.21654) (size 1.7 1.7) (drill 0.9) (layers *.Cu *.Mask)
      (net 23 /PIN_2))
    (pad 12 thru_hole circle (at 21.34362 8.21654) (size 1.7 1.7) (drill 0.9) (layers *.Cu *.Mask)
      (net 24 /PIN_3))
    (pad 13 thru_hole circle (at 23.88362 8.21654) (size 1.7 1.7) (drill 0.9) (layers *.Cu *.Mask)
      (net 25 /PIN_4))
    (pad 14 thru_hole circle (at 26.42362 8.21654) (size 1.7 1.7) (drill 0.9) (layers *.Cu *.Mask)
      (net 26 /PIN_5))
    (pad 15 thru_hole circle (at 26.42362 -12.10346) (size 1.7 1.7) (drill 0.9) (layers *.Cu *.Mask)
      (net 34 /PIN_6))
    (pad 16 thru_hole circle (at 23.88362 -12.10346) (size 1.7 1.7) (drill 0.9) (layers *.Cu *.Mask)
      (net 35 /PIN_7))
    (pad 17 thru_hole circle (at 21.34362 -12.10346) (size 1.7 1.7) (drill 0.9) (layers *.Cu *.Mask)
      (net 31 /MOSI))
    (pad 18 thru_hole circle (at 18.80362 -12.10346) (size 1.7 1.7) (drill 0.9) (layers *.Cu *.Mask)
      (net 32 /SCK))
    (pad 19 thru_hole circle (at 16.26362 -12.10346) (size 1.7 1.7) (drill 0.9) (layers *.Cu *.Mask)
      (net 33 /MISO))
    (pad 20 thru_hole circle (at 13.72362 -12.10346) (size 1.7 1.7) (drill 0.9) (layers *.Cu *.Mask)
      (net 21 /SDA))
    (pad 21 thru_hole circle (at 11.18362 -12.10346) (size 1.7 1.7) (drill 0.9) (layers *.Cu *.Mask)
      (net 22 /SCL))
    (pad 22 thru_hole circle (at 8.64362 -12.10346) (size 1.7 1.7) (drill 0.9) (layers *.Cu *.Mask)
      (net 39 /RX))
    (pad 23 thru_hole circle (at 6.10362 -12.10346) (size 1.7 1.7) (drill 0.9) (layers *.Cu *.Mask)
      (net 38 /TX))
    (pad 24 thru_hole circle (at 3.56362 -12.10346) (size 1.7 1.7) (drill 0.9) (layers *.Cu *.Mask)
      (net 41 /RESET))
    (pad 25 thru_hole circle (at 1.02362 -12.10346) (size 1.7 1.7) (drill 0.9) (layers *.Cu *.Mask)
      (net 1 GND))
    (pad 26 thru_hole circle (at -1.51638 -12.10346) (size 1.7 1.7) (drill 0.9) (layers *.Cu *.Mask)
      (net 2 /3V3))
    (pad 27 thru_hole circle (at -4.05638 -12.10346) (size 1.7 1.7) (drill 0.9) (layers *.Cu *.Mask)
      (net 11 /VIN))
    (pad 28 thru_hole circle (at -6.59638 -12.10346) (size 1.7 1.7) (drill 0.9) (layers *.Cu *.Mask)
      (net 10 /5V0))
    (model ${KISYS3DMOD}/Connector_PinSocket_2.54mm.3dshapes/PinSocket_1x14_P2.54mm_Vertical.step
      (offset (xyz -6.6 12.1 0))
      (scale (xyz 1 1 1))
      (rotate (xyz 0 0 -90))
    )
    (model ${KISYS3DMOD}/Connector_PinSocket_2.54mm.3dshapes/PinSocket_1x14_P2.54mm_Vertical.step
      (offset (xyz -6.6 -8.199999999999999 0))
      (scale (xyz 1 1 1))
      (rotate (xyz 0 0 -90))
    )
  )

  (module SD:microSD_socket (layer F.Cu) (tedit 5A551BF6) (tstamp 5BCFCDF7)
    (at 188.4 70.3 270)
    (path /5BACF8DF/5BD02DC0)
    (fp_text reference U3 (at -0.00254 -12.63904 270) (layer F.SilkS)
      (effects (font (size 1 1) (thickness 0.15)))
    )
    (fp_text value SD (at -0.00254 2.36728 270) (layer F.Fab)
      (effects (font (size 1 1) (thickness 0.15)))
    )
    (fp_line (start -4.5 -11.9) (end 3.9 -11.9) (layer F.SilkS) (width 0.15))
    (fp_line (start -4.5 -12.8) (end -4.5 -11.9) (layer F.SilkS) (width 0.15))
    (fp_line (start -7.75 -12.8) (end -4.5 -12.8) (layer F.SilkS) (width 0.15))
    (fp_line (start 5.3 -10.5) (end 5.3 1.5) (layer F.SilkS) (width 0.15))
    (fp_line (start 5.3 1.5) (end -9 1.5) (layer F.SilkS) (width 0.15))
    (fp_line (start -9 1.5) (end -9 -11.5) (layer F.SilkS) (width 0.15))
    (pad 1 smd rect (at -3.85 -8.85 270) (size 0.8 1.5) (layers F.Cu F.Paste F.Mask)
      (net 40 /SD_CD))
    (pad 2 smd rect (at -2.75 -8.65 270) (size 0.8 1.5) (layers F.Cu F.Paste F.Mask)
      (net 30 /SD_MISO))
    (pad 3 smd rect (at -1.65 -8.85 270) (size 0.8 1.5) (layers F.Cu F.Paste F.Mask)
      (net 1 GND))
    (pad 4 smd rect (at -0.55 -9.05 270) (size 0.8 1.5) (layers F.Cu F.Paste F.Mask)
      (net 28 /SD_SCK))
    (pad 5 smd rect (at 0.55 -8.85 270) (size 0.8 1.5) (layers F.Cu F.Paste F.Mask)
      (net 2 /3V3))
    (pad 6 smd rect (at 1.65 -9.05 270) (size 0.8 1.5) (layers F.Cu F.Paste F.Mask)
      (net 27 /SD_MOSI))
    (pad 7 smd rect (at 2.75 -8.85 270) (size 0.8 1.5) (layers F.Cu F.Paste F.Mask)
      (net 29 /SD_NSS))
    (pad 8 smd rect (at 3.85 -8.85 270) (size 0.8 1.5) (layers F.Cu F.Paste F.Mask))
    (pad 9 smd rect (at 3.05 0.7 270) (size 1.8 1.4) (layers F.Cu F.Paste F.Mask))
    (pad 10 smd rect (at -2.65 0.7 270) (size 1.8 1.4) (layers F.Cu F.Paste F.Mask))
    (pad 11 smd rect (at -8.5 -12.5 270) (size 1.4 1.9) (layers F.Cu F.Paste F.Mask)
      (net 1 GND))
    (pad 11 smd rect (at 4.65 -11.5 270) (size 1.4 1.9) (layers F.Cu F.Paste F.Mask)
      (net 1 GND))
    (model ../../../../../home/electronica/Dropbox/Femtosat/Library/SD.pretty/microSD_socket2.wrl
      (offset (xyz 8.610599870681764 13.20799980163574 1.777999973297119))
      (scale (xyz 0.3937 0.3937 0.3937))
      (rotate (xyz 0 -90 180))
    )
  )

  (module Package_QFP:TQFP-48_7x7mm_P0.5mm (layer F.Cu) (tedit 5A02F146) (tstamp 5BA9A534)
    (at 174.8 67.9)
    (descr "48 LEAD TQFP 7x7mm (see MICREL TQFP7x7-48LD-PL-1.pdf)")
    (tags "QFP 0.5")
    (path /5B5A7750)
    (attr smd)
    (fp_text reference U1 (at 0 0) (layer F.SilkS)
      (effects (font (size 1 1) (thickness 0.15)))
    )
    (fp_text value SAMD21G (at 0 6) (layer F.Fab) hide
      (effects (font (size 1 1) (thickness 0.15)))
    )
    (fp_text user %R (at 0 0) (layer F.Fab) hide
      (effects (font (size 1 1) (thickness 0.15)))
    )
    (fp_line (start -2.5 -3.5) (end 3.5 -3.5) (layer F.Fab) (width 0.15))
    (fp_line (start 3.5 -3.5) (end 3.5 3.5) (layer F.Fab) (width 0.15))
    (fp_line (start 3.5 3.5) (end -3.5 3.5) (layer F.Fab) (width 0.15))
    (fp_line (start -3.5 3.5) (end -3.5 -2.5) (layer F.Fab) (width 0.15))
    (fp_line (start -3.5 -2.5) (end -2.5 -3.5) (layer F.Fab) (width 0.15))
    (fp_line (start -5.25 -5.25) (end -5.25 5.25) (layer F.CrtYd) (width 0.05))
    (fp_line (start 5.25 -5.25) (end 5.25 5.25) (layer F.CrtYd) (width 0.05))
    (fp_line (start -5.25 -5.25) (end 5.25 -5.25) (layer F.CrtYd) (width 0.05))
    (fp_line (start -5.25 5.25) (end 5.25 5.25) (layer F.CrtYd) (width 0.05))
    (fp_line (start -3.625 -3.625) (end -3.625 -3.2) (layer F.SilkS) (width 0.15))
    (fp_line (start 3.625 -3.625) (end 3.625 -3.1) (layer F.SilkS) (width 0.15))
    (fp_line (start 3.625 3.625) (end 3.625 3.1) (layer F.SilkS) (width 0.15))
    (fp_line (start -3.625 3.625) (end -3.625 3.1) (layer F.SilkS) (width 0.15))
    (fp_line (start -3.625 -3.625) (end -3.1 -3.625) (layer F.SilkS) (width 0.15))
    (fp_line (start -3.625 3.625) (end -3.1 3.625) (layer F.SilkS) (width 0.15))
    (fp_line (start 3.625 3.625) (end 3.1 3.625) (layer F.SilkS) (width 0.15))
    (fp_line (start 3.625 -3.625) (end 3.1 -3.625) (layer F.SilkS) (width 0.15))
    (fp_line (start -3.625 -3.2) (end -5 -3.2) (layer F.SilkS) (width 0.15))
    (pad 1 smd rect (at -4.35 -2.75) (size 1.3 0.25) (layers F.Cu F.Paste F.Mask)
      (net 5 /XIN32))
    (pad 2 smd rect (at -4.35 -2.25) (size 1.3 0.25) (layers F.Cu F.Paste F.Mask)
      (net 6 /XOUT32))
    (pad 3 smd rect (at -4.35 -1.75) (size 1.3 0.25) (layers F.Cu F.Paste F.Mask)
      (net 13 /A0))
    (pad 4 smd rect (at -4.35 -1.25) (size 1.3 0.25) (layers F.Cu F.Paste F.Mask)
      (net 14 /AREF))
    (pad 5 smd rect (at -4.35 -0.75) (size 1.3 0.25) (layers F.Cu F.Paste F.Mask)
      (net 1 GND))
    (pad 6 smd rect (at -4.35 -0.25) (size 1.3 0.25) (layers F.Cu F.Paste F.Mask)
      (net 7 /VDDANA))
    (pad 7 smd rect (at -4.35 0.25) (size 1.3 0.25) (layers F.Cu F.Paste F.Mask)
      (net 15 /LED))
    (pad 8 smd rect (at -4.35 0.75) (size 1.3 0.25) (layers F.Cu F.Paste F.Mask)
      (net 16 /PB09))
    (pad 9 smd rect (at -4.35 1.25) (size 1.3 0.25) (layers F.Cu F.Paste F.Mask)
      (net 17 /A3))
    (pad 10 smd rect (at -4.35 1.75) (size 1.3 0.25) (layers F.Cu F.Paste F.Mask)
      (net 18 /A4))
    (pad 11 smd rect (at -4.35 2.25) (size 1.3 0.25) (layers F.Cu F.Paste F.Mask)
      (net 19 /A5))
    (pad 12 smd rect (at -4.35 2.75) (size 1.3 0.25) (layers F.Cu F.Paste F.Mask)
      (net 20 /A6))
    (pad 13 smd rect (at -2.75 4.35 90) (size 1.3 0.25) (layers F.Cu F.Paste F.Mask)
      (net 21 /SDA))
    (pad 14 smd rect (at -2.25 4.35 90) (size 1.3 0.25) (layers F.Cu F.Paste F.Mask)
      (net 22 /SCL))
    (pad 15 smd rect (at -1.75 4.35 90) (size 1.3 0.25) (layers F.Cu F.Paste F.Mask)
      (net 23 /PIN_2))
    (pad 16 smd rect (at -1.25 4.35 90) (size 1.3 0.25) (layers F.Cu F.Paste F.Mask)
      (net 24 /PIN_3))
    (pad 17 smd rect (at -0.75 4.35 90) (size 1.3 0.25) (layers F.Cu F.Paste F.Mask)
      (net 2 /3V3))
    (pad 18 smd rect (at -0.25 4.35 90) (size 1.3 0.25) (layers F.Cu F.Paste F.Mask)
      (net 1 GND))
    (pad 19 smd rect (at 0.25 4.35 90) (size 1.3 0.25) (layers F.Cu F.Paste F.Mask)
      (net 25 /PIN_4))
    (pad 20 smd rect (at 0.75 4.35 90) (size 1.3 0.25) (layers F.Cu F.Paste F.Mask)
      (net 26 /PIN_5))
    (pad 21 smd rect (at 1.25 4.35 90) (size 1.3 0.25) (layers F.Cu F.Paste F.Mask)
      (net 27 /SD_MOSI))
    (pad 22 smd rect (at 1.75 4.35 90) (size 1.3 0.25) (layers F.Cu F.Paste F.Mask)
      (net 28 /SD_SCK))
    (pad 23 smd rect (at 2.25 4.35 90) (size 1.3 0.25) (layers F.Cu F.Paste F.Mask)
      (net 29 /SD_NSS))
    (pad 24 smd rect (at 2.75 4.35 90) (size 1.3 0.25) (layers F.Cu F.Paste F.Mask)
      (net 30 /SD_MISO))
    (pad 25 smd rect (at 4.35 2.75) (size 1.3 0.25) (layers F.Cu F.Paste F.Mask)
      (net 31 /MOSI))
    (pad 26 smd rect (at 4.35 2.25) (size 1.3 0.25) (layers F.Cu F.Paste F.Mask)
      (net 32 /SCK))
    (pad 27 smd rect (at 4.35 1.75) (size 1.3 0.25) (layers F.Cu F.Paste F.Mask)
      (net 9 /USB_ID))
    (pad 28 smd rect (at 4.35 1.25) (size 1.3 0.25) (layers F.Cu F.Paste F.Mask)
      (net 33 /MISO))
    (pad 29 smd rect (at 4.35 0.75) (size 1.3 0.25) (layers F.Cu F.Paste F.Mask)
      (net 34 /PIN_6))
    (pad 30 smd rect (at 4.35 0.25) (size 1.3 0.25) (layers F.Cu F.Paste F.Mask)
      (net 35 /PIN_7))
    (pad 31 smd rect (at 4.35 -0.25) (size 1.3 0.25) (layers F.Cu F.Paste F.Mask)
      (net 36 /PIN_0))
    (pad 32 smd rect (at 4.35 -0.75) (size 1.3 0.25) (layers F.Cu F.Paste F.Mask)
      (net 37 /PIN_1))
    (pad 33 smd rect (at 4.35 -1.25) (size 1.3 0.25) (layers F.Cu F.Paste F.Mask)
      (net 48 /USB_N))
    (pad 34 smd rect (at 4.35 -1.75) (size 1.3 0.25) (layers F.Cu F.Paste F.Mask)
      (net 47 /USB_P))
    (pad 35 smd rect (at 4.35 -2.25) (size 1.3 0.25) (layers F.Cu F.Paste F.Mask)
      (net 1 GND))
    (pad 36 smd rect (at 4.35 -2.75) (size 1.3 0.25) (layers F.Cu F.Paste F.Mask)
      (net 2 /3V3))
    (pad 37 smd rect (at 2.75 -4.35 90) (size 1.3 0.25) (layers F.Cu F.Paste F.Mask)
      (net 38 /TX))
    (pad 38 smd rect (at 2.25 -4.35 90) (size 1.3 0.25) (layers F.Cu F.Paste F.Mask)
      (net 39 /RX))
    (pad 39 smd rect (at 1.75 -4.35 90) (size 1.3 0.25) (layers F.Cu F.Paste F.Mask)
      (net 40 /SD_CD))
    (pad 40 smd rect (at 1.25 -4.35 90) (size 1.3 0.25) (layers F.Cu F.Paste F.Mask)
      (net 41 /RESET))
    (pad 41 smd rect (at 0.75 -4.35 90) (size 1.3 0.25) (layers F.Cu F.Paste F.Mask)
      (net 42 /PA28))
    (pad 42 smd rect (at 0.25 -4.35 90) (size 1.3 0.25) (layers F.Cu F.Paste F.Mask)
      (net 1 GND))
    (pad 43 smd rect (at -0.25 -4.35 90) (size 1.3 0.25) (layers F.Cu F.Paste F.Mask)
      (net 3 /VDDCORE))
    (pad 44 smd rect (at -0.75 -4.35 90) (size 1.3 0.25) (layers F.Cu F.Paste F.Mask)
      (net 2 /3V3))
    (pad 45 smd rect (at -1.25 -4.35 90) (size 1.3 0.25) (layers F.Cu F.Paste F.Mask)
      (net 12 /SWCLK))
    (pad 46 smd rect (at -1.75 -4.35 90) (size 1.3 0.25) (layers F.Cu F.Paste F.Mask)
      (net 43 /SWDIO))
    (pad 47 smd rect (at -2.25 -4.35 90) (size 1.3 0.25) (layers F.Cu F.Paste F.Mask)
      (net 44 /A1))
    (pad 48 smd rect (at -2.75 -4.35 90) (size 1.3 0.25) (layers F.Cu F.Paste F.Mask)
      (net 45 /A2))
    (model ${KISYS3DMOD}/Package_QFP.3dshapes/TQFP-48_7x7mm_P0.5mm.wrl
      (at (xyz 0 0 0))
      (scale (xyz 1 1 1))
      (rotate (xyz 0 0 0))
    )
  )

  (module Capacitor_SMD:C_0805_2012Metric_Pad1.15x1.40mm_HandSolder (layer F.Cu) (tedit 5B36C52B) (tstamp 5BA9A3B0)
    (at 163.4 74.2)
    (descr "Capacitor SMD 0805 (2012 Metric), square (rectangular) end terminal, IPC_7351 nominal with elongated pad for handsoldering. (Body size source: https://docs.google.com/spreadsheets/d/1BsfQQcO9C6DZCsRaXUlFlo91Tg2WpOkGARC1WS5S8t0/edit?usp=sharing), generated with kicad-footprint-generator")
    (tags "capacitor handsolder")
    (path /5B6351C6/5B635382)
    (attr smd)
    (fp_text reference C4 (at 0 1.5) (layer F.SilkS)
      (effects (font (size 1 1) (thickness 0.15)))
    )
    (fp_text value 10uF (at 0 1.65) (layer F.Fab) hide
      (effects (font (size 1 1) (thickness 0.15)))
    )
    (fp_text user %R (at 0 0) (layer F.Fab) hide
      (effects (font (size 0.5 0.5) (thickness 0.08)))
    )
    (fp_line (start 1.85 0.95) (end -1.85 0.95) (layer F.CrtYd) (width 0.05))
    (fp_line (start 1.85 -0.95) (end 1.85 0.95) (layer F.CrtYd) (width 0.05))
    (fp_line (start -1.85 -0.95) (end 1.85 -0.95) (layer F.CrtYd) (width 0.05))
    (fp_line (start -1.85 0.95) (end -1.85 -0.95) (layer F.CrtYd) (width 0.05))
    (fp_line (start -0.261252 0.71) (end 0.261252 0.71) (layer F.SilkS) (width 0.12))
    (fp_line (start -0.261252 -0.71) (end 0.261252 -0.71) (layer F.SilkS) (width 0.12))
    (fp_line (start 1 0.6) (end -1 0.6) (layer F.Fab) (width 0.1))
    (fp_line (start 1 -0.6) (end 1 0.6) (layer F.Fab) (width 0.1))
    (fp_line (start -1 -0.6) (end 1 -0.6) (layer F.Fab) (width 0.1))
    (fp_line (start -1 0.6) (end -1 -0.6) (layer F.Fab) (width 0.1))
    (pad 2 smd roundrect (at 1.025 0) (size 1.15 1.4) (layers F.Cu F.Paste F.Mask) (roundrect_rratio 0.217391)
      (net 1 GND))
    (pad 1 smd roundrect (at -1.025 0) (size 1.15 1.4) (layers F.Cu F.Paste F.Mask) (roundrect_rratio 0.217391)
      (net 2 /3V3))
    (model ${KISYS3DMOD}/Capacitor_SMD.3dshapes/C_0805_2012Metric.wrl
      (at (xyz 0 0 0))
      (scale (xyz 1 1 1))
      (rotate (xyz 0 0 0))
    )
  )

  (module Capacitor_SMD:C_0805_2012Metric_Pad1.15x1.40mm_HandSolder (layer B.Cu) (tedit 5B36C52B) (tstamp 5BA9A3C1)
    (at 176.275 64.6)
    (descr "Capacitor SMD 0805 (2012 Metric), square (rectangular) end terminal, IPC_7351 nominal with elongated pad for handsoldering. (Body size source: https://docs.google.com/spreadsheets/d/1BsfQQcO9C6DZCsRaXUlFlo91Tg2WpOkGARC1WS5S8t0/edit?usp=sharing), generated with kicad-footprint-generator")
    (tags "capacitor handsolder")
    (path /5B6351C6/5B635301)
    (attr smd)
    (fp_text reference C5 (at 0 1.65) (layer B.SilkS)
      (effects (font (size 1 1) (thickness 0.15)) (justify mirror))
    )
    (fp_text value 1uF (at 0 -1.65) (layer B.Fab) hide
      (effects (font (size 1 1) (thickness 0.15)) (justify mirror))
    )
    (fp_text user %R (at 0 0) (layer B.Fab) hide
      (effects (font (size 0.5 0.5) (thickness 0.08)) (justify mirror))
    )
    (fp_line (start 1.85 -0.95) (end -1.85 -0.95) (layer B.CrtYd) (width 0.05))
    (fp_line (start 1.85 0.95) (end 1.85 -0.95) (layer B.CrtYd) (width 0.05))
    (fp_line (start -1.85 0.95) (end 1.85 0.95) (layer B.CrtYd) (width 0.05))
    (fp_line (start -1.85 -0.95) (end -1.85 0.95) (layer B.CrtYd) (width 0.05))
    (fp_line (start -0.261252 -0.71) (end 0.261252 -0.71) (layer B.SilkS) (width 0.12))
    (fp_line (start -0.261252 0.71) (end 0.261252 0.71) (layer B.SilkS) (width 0.12))
    (fp_line (start 1 -0.6) (end -1 -0.6) (layer B.Fab) (width 0.1))
    (fp_line (start 1 0.6) (end 1 -0.6) (layer B.Fab) (width 0.1))
    (fp_line (start -1 0.6) (end 1 0.6) (layer B.Fab) (width 0.1))
    (fp_line (start -1 -0.6) (end -1 0.6) (layer B.Fab) (width 0.1))
    (pad 2 smd roundrect (at 1.025 0) (size 1.15 1.4) (layers B.Cu B.Paste B.Mask) (roundrect_rratio 0.217391)
      (net 1 GND))
    (pad 1 smd roundrect (at -1.025 0) (size 1.15 1.4) (layers B.Cu B.Paste B.Mask) (roundrect_rratio 0.217391)
      (net 3 /VDDCORE))
    (model ${KISYS3DMOD}/Capacitor_SMD.3dshapes/C_0805_2012Metric.wrl
      (at (xyz 0 0 0))
      (scale (xyz 1 1 1))
      (rotate (xyz 0 0 0))
    )
  )

  (module Capacitor_SMD:C_0805_2012Metric_Pad1.15x1.40mm_HandSolder (layer B.Cu) (tedit 5B36C52B) (tstamp 5BA9A3D2)
    (at 158.1 73.7)
    (descr "Capacitor SMD 0805 (2012 Metric), square (rectangular) end terminal, IPC_7351 nominal with elongated pad for handsoldering. (Body size source: https://docs.google.com/spreadsheets/d/1BsfQQcO9C6DZCsRaXUlFlo91Tg2WpOkGARC1WS5S8t0/edit?usp=sharing), generated with kicad-footprint-generator")
    (tags "capacitor handsolder")
    (path /5B626331/5B62BE71)
    (attr smd)
    (fp_text reference C6 (at 2.4 0 270) (layer B.SilkS)
      (effects (font (size 0.8 0.8) (thickness 0.15)) (justify mirror))
    )
    (fp_text value 4.7nF (at 0 -1.65) (layer B.Fab) hide
      (effects (font (size 1 1) (thickness 0.15)) (justify mirror))
    )
    (fp_line (start -1 -0.6) (end -1 0.6) (layer B.Fab) (width 0.1))
    (fp_line (start -1 0.6) (end 1 0.6) (layer B.Fab) (width 0.1))
    (fp_line (start 1 0.6) (end 1 -0.6) (layer B.Fab) (width 0.1))
    (fp_line (start 1 -0.6) (end -1 -0.6) (layer B.Fab) (width 0.1))
    (fp_line (start -0.261252 0.71) (end 0.261252 0.71) (layer B.SilkS) (width 0.12))
    (fp_line (start -0.261252 -0.71) (end 0.261252 -0.71) (layer B.SilkS) (width 0.12))
    (fp_line (start -1.85 -0.95) (end -1.85 0.95) (layer B.CrtYd) (width 0.05))
    (fp_line (start -1.85 0.95) (end 1.85 0.95) (layer B.CrtYd) (width 0.05))
    (fp_line (start 1.85 0.95) (end 1.85 -0.95) (layer B.CrtYd) (width 0.05))
    (fp_line (start 1.85 -0.95) (end -1.85 -0.95) (layer B.CrtYd) (width 0.05))
    (fp_text user %R (at 0 0) (layer B.Fab) hide
      (effects (font (size 0.5 0.5) (thickness 0.08)) (justify mirror))
    )
    (pad 1 smd roundrect (at -1.025 0) (size 1.15 1.4) (layers B.Cu B.Paste B.Mask) (roundrect_rratio 0.217391)
      (net 4 "Net-(C6-Pad1)"))
    (pad 2 smd roundrect (at 1.025 0) (size 1.15 1.4) (layers B.Cu B.Paste B.Mask) (roundrect_rratio 0.217391)
      (net 1 GND))
    (model ${KISYS3DMOD}/Capacitor_SMD.3dshapes/C_0805_2012Metric.wrl
      (at (xyz 0 0 0))
      (scale (xyz 1 1 1))
      (rotate (xyz 0 0 0))
    )
  )

  (module Capacitor_SMD:C_0805_2012Metric_Pad1.15x1.40mm_HandSolder (layer F.Cu) (tedit 5B36C52B) (tstamp 5BA9A3E3)
    (at 162.8 65.3 180)
    (descr "Capacitor SMD 0805 (2012 Metric), square (rectangular) end terminal, IPC_7351 nominal with elongated pad for handsoldering. (Body size source: https://docs.google.com/spreadsheets/d/1BsfQQcO9C6DZCsRaXUlFlo91Tg2WpOkGARC1WS5S8t0/edit?usp=sharing), generated with kicad-footprint-generator")
    (tags "capacitor handsolder")
    (path /5B653719)
    (attr smd)
    (fp_text reference C1a1 (at 0 -1.3 180) (layer F.SilkS)
      (effects (font (size 0.8 0.8) (thickness 0.15)))
    )
    (fp_text value 9pF (at 0 1.65 180) (layer F.Fab) hide
      (effects (font (size 1 1) (thickness 0.15)))
    )
    (fp_line (start -1 0.6) (end -1 -0.6) (layer F.Fab) (width 0.1))
    (fp_line (start -1 -0.6) (end 1 -0.6) (layer F.Fab) (width 0.1))
    (fp_line (start 1 -0.6) (end 1 0.6) (layer F.Fab) (width 0.1))
    (fp_line (start 1 0.6) (end -1 0.6) (layer F.Fab) (width 0.1))
    (fp_line (start -0.261252 -0.71) (end 0.261252 -0.71) (layer F.SilkS) (width 0.12))
    (fp_line (start -0.261252 0.71) (end 0.261252 0.71) (layer F.SilkS) (width 0.12))
    (fp_line (start -1.85 0.95) (end -1.85 -0.95) (layer F.CrtYd) (width 0.05))
    (fp_line (start -1.85 -0.95) (end 1.85 -0.95) (layer F.CrtYd) (width 0.05))
    (fp_line (start 1.85 -0.95) (end 1.85 0.95) (layer F.CrtYd) (width 0.05))
    (fp_line (start 1.85 0.95) (end -1.85 0.95) (layer F.CrtYd) (width 0.05))
    (fp_text user %R (at 0 0 180) (layer F.Fab) hide
      (effects (font (size 0.5 0.5) (thickness 0.08)))
    )
    (pad 1 smd roundrect (at -1.025 0 180) (size 1.15 1.4) (layers F.Cu F.Paste F.Mask) (roundrect_rratio 0.217391)
      (net 5 /XIN32))
    (pad 2 smd roundrect (at 1.025 0 180) (size 1.15 1.4) (layers F.Cu F.Paste F.Mask) (roundrect_rratio 0.217391)
      (net 1 GND))
    (model ${KISYS3DMOD}/Capacitor_SMD.3dshapes/C_0805_2012Metric.wrl
      (at (xyz 0 0 0))
      (scale (xyz 1 1 1))
      (rotate (xyz 0 0 0))
    )
  )

  (module Capacitor_SMD:C_0805_2012Metric_Pad1.15x1.40mm_HandSolder (layer F.Cu) (tedit 5B36C52B) (tstamp 5BA9A3F4)
    (at 162.8 68.6 180)
    (descr "Capacitor SMD 0805 (2012 Metric), square (rectangular) end terminal, IPC_7351 nominal with elongated pad for handsoldering. (Body size source: https://docs.google.com/spreadsheets/d/1BsfQQcO9C6DZCsRaXUlFlo91Tg2WpOkGARC1WS5S8t0/edit?usp=sharing), generated with kicad-footprint-generator")
    (tags "capacitor handsolder")
    (path /5B653749)
    (attr smd)
    (fp_text reference C1b1 (at 0 -1.2 180) (layer F.SilkS)
      (effects (font (size 0.8 0.8) (thickness 0.15)))
    )
    (fp_text value 9pF (at 0 1.65 180) (layer F.Fab) hide
      (effects (font (size 1 1) (thickness 0.15)))
    )
    (fp_text user %R (at 0 0 180) (layer F.Fab) hide
      (effects (font (size 0.5 0.5) (thickness 0.08)))
    )
    (fp_line (start 1.85 0.95) (end -1.85 0.95) (layer F.CrtYd) (width 0.05))
    (fp_line (start 1.85 -0.95) (end 1.85 0.95) (layer F.CrtYd) (width 0.05))
    (fp_line (start -1.85 -0.95) (end 1.85 -0.95) (layer F.CrtYd) (width 0.05))
    (fp_line (start -1.85 0.95) (end -1.85 -0.95) (layer F.CrtYd) (width 0.05))
    (fp_line (start -0.261252 0.71) (end 0.261252 0.71) (layer F.SilkS) (width 0.12))
    (fp_line (start -0.261252 -0.71) (end 0.261252 -0.71) (layer F.SilkS) (width 0.12))
    (fp_line (start 1 0.6) (end -1 0.6) (layer F.Fab) (width 0.1))
    (fp_line (start 1 -0.6) (end 1 0.6) (layer F.Fab) (width 0.1))
    (fp_line (start -1 -0.6) (end 1 -0.6) (layer F.Fab) (width 0.1))
    (fp_line (start -1 0.6) (end -1 -0.6) (layer F.Fab) (width 0.1))
    (pad 2 smd roundrect (at 1.025 0 180) (size 1.15 1.4) (layers F.Cu F.Paste F.Mask) (roundrect_rratio 0.217391)
      (net 1 GND))
    (pad 1 smd roundrect (at -1.025 0 180) (size 1.15 1.4) (layers F.Cu F.Paste F.Mask) (roundrect_rratio 0.217391)
      (net 6 /XOUT32))
    (model ${KISYS3DMOD}/Capacitor_SMD.3dshapes/C_0805_2012Metric.wrl
      (at (xyz 0 0 0))
      (scale (xyz 1 1 1))
      (rotate (xyz 0 0 0))
    )
  )

  (module Capacitor_SMD:C_0805_2012Metric_Pad1.15x1.40mm_HandSolder (layer F.Cu) (tedit 5B36C52B) (tstamp 5BA9A405)
    (at 166.4 73.2 270)
    (descr "Capacitor SMD 0805 (2012 Metric), square (rectangular) end terminal, IPC_7351 nominal with elongated pad for handsoldering. (Body size source: https://docs.google.com/spreadsheets/d/1BsfQQcO9C6DZCsRaXUlFlo91Tg2WpOkGARC1WS5S8t0/edit?usp=sharing), generated with kicad-footprint-generator")
    (tags "capacitor handsolder")
    (path /5B6351C6/5B635342)
    (attr smd)
    (fp_text reference C2a1 (at 2.5 0) (layer F.SilkS)
      (effects (font (size 0.8 0.8) (thickness 0.15)))
    )
    (fp_text value 10uF (at 0 1.65 270) (layer F.Fab) hide
      (effects (font (size 1 1) (thickness 0.15)))
    )
    (fp_line (start -1 0.6) (end -1 -0.6) (layer F.Fab) (width 0.1))
    (fp_line (start -1 -0.6) (end 1 -0.6) (layer F.Fab) (width 0.1))
    (fp_line (start 1 -0.6) (end 1 0.6) (layer F.Fab) (width 0.1))
    (fp_line (start 1 0.6) (end -1 0.6) (layer F.Fab) (width 0.1))
    (fp_line (start -0.261252 -0.71) (end 0.261252 -0.71) (layer F.SilkS) (width 0.12))
    (fp_line (start -0.261252 0.71) (end 0.261252 0.71) (layer F.SilkS) (width 0.12))
    (fp_line (start -1.85 0.95) (end -1.85 -0.95) (layer F.CrtYd) (width 0.05))
    (fp_line (start -1.85 -0.95) (end 1.85 -0.95) (layer F.CrtYd) (width 0.05))
    (fp_line (start 1.85 -0.95) (end 1.85 0.95) (layer F.CrtYd) (width 0.05))
    (fp_line (start 1.85 0.95) (end -1.85 0.95) (layer F.CrtYd) (width 0.05))
    (fp_text user %R (at 0 0 270) (layer F.Fab) hide
      (effects (font (size 0.5 0.5) (thickness 0.08)))
    )
    (pad 1 smd roundrect (at -1.025 0 270) (size 1.15 1.4) (layers F.Cu F.Paste F.Mask) (roundrect_rratio 0.217391)
      (net 7 /VDDANA))
    (pad 2 smd roundrect (at 1.025 0 270) (size 1.15 1.4) (layers F.Cu F.Paste F.Mask) (roundrect_rratio 0.217391)
      (net 1 GND))
    (model ${KISYS3DMOD}/Capacitor_SMD.3dshapes/C_0805_2012Metric.wrl
      (at (xyz 0 0 0))
      (scale (xyz 1 1 1))
      (rotate (xyz 0 0 0))
    )
  )

  (module Capacitor_SMD:C_0805_2012Metric_Pad1.15x1.40mm_HandSolder (layer F.Cu) (tedit 5B36C52B) (tstamp 5BA9A416)
    (at 168.5 73.2 270)
    (descr "Capacitor SMD 0805 (2012 Metric), square (rectangular) end terminal, IPC_7351 nominal with elongated pad for handsoldering. (Body size source: https://docs.google.com/spreadsheets/d/1BsfQQcO9C6DZCsRaXUlFlo91Tg2WpOkGARC1WS5S8t0/edit?usp=sharing), generated with kicad-footprint-generator")
    (tags "capacitor handsolder")
    (path /5B6351C6/5B635202)
    (attr smd)
    (fp_text reference C2b1 (at 0 -1.65 270) (layer F.SilkS)
      (effects (font (size 1 1) (thickness 0.15)))
    )
    (fp_text value 100nF (at 0 1.65 270) (layer F.Fab) hide
      (effects (font (size 1 1) (thickness 0.15)))
    )
    (fp_line (start -1 0.6) (end -1 -0.6) (layer F.Fab) (width 0.1))
    (fp_line (start -1 -0.6) (end 1 -0.6) (layer F.Fab) (width 0.1))
    (fp_line (start 1 -0.6) (end 1 0.6) (layer F.Fab) (width 0.1))
    (fp_line (start 1 0.6) (end -1 0.6) (layer F.Fab) (width 0.1))
    (fp_line (start -0.261252 -0.71) (end 0.261252 -0.71) (layer F.SilkS) (width 0.12))
    (fp_line (start -0.261252 0.71) (end 0.261252 0.71) (layer F.SilkS) (width 0.12))
    (fp_line (start -1.85 0.95) (end -1.85 -0.95) (layer F.CrtYd) (width 0.05))
    (fp_line (start -1.85 -0.95) (end 1.85 -0.95) (layer F.CrtYd) (width 0.05))
    (fp_line (start 1.85 -0.95) (end 1.85 0.95) (layer F.CrtYd) (width 0.05))
    (fp_line (start 1.85 0.95) (end -1.85 0.95) (layer F.CrtYd) (width 0.05))
    (fp_text user %R (at 0 0 270) (layer F.Fab) hide
      (effects (font (size 0.5 0.5) (thickness 0.08)))
    )
    (pad 1 smd roundrect (at -1.025 0 270) (size 1.15 1.4) (layers F.Cu F.Paste F.Mask) (roundrect_rratio 0.217391)
      (net 7 /VDDANA))
    (pad 2 smd roundrect (at 1.025 0 270) (size 1.15 1.4) (layers F.Cu F.Paste F.Mask) (roundrect_rratio 0.217391)
      (net 1 GND))
    (model ${KISYS3DMOD}/Capacitor_SMD.3dshapes/C_0805_2012Metric.wrl
      (at (xyz 0 0 0))
      (scale (xyz 1 1 1))
      (rotate (xyz 0 0 0))
    )
  )

  (module Capacitor_SMD:C_0805_2012Metric_Pad1.15x1.40mm_HandSolder (layer B.Cu) (tedit 5B36C52B) (tstamp 5BA9A427)
    (at 179.1 65.2 270)
    (descr "Capacitor SMD 0805 (2012 Metric), square (rectangular) end terminal, IPC_7351 nominal with elongated pad for handsoldering. (Body size source: https://docs.google.com/spreadsheets/d/1BsfQQcO9C6DZCsRaXUlFlo91Tg2WpOkGARC1WS5S8t0/edit?usp=sharing), generated with kicad-footprint-generator")
    (tags "capacitor handsolder")
    (path /5B6351C6/5B6353CA)
    (attr smd)
    (fp_text reference C3a1 (at 2.2 0) (layer B.SilkS)
      (effects (font (size 0.8 0.8) (thickness 0.15)) (justify mirror))
    )
    (fp_text value 100nF (at 0 -1.65 270) (layer B.Fab) hide
      (effects (font (size 1 1) (thickness 0.15)) (justify mirror))
    )
    (fp_line (start -1 -0.6) (end -1 0.6) (layer B.Fab) (width 0.1))
    (fp_line (start -1 0.6) (end 1 0.6) (layer B.Fab) (width 0.1))
    (fp_line (start 1 0.6) (end 1 -0.6) (layer B.Fab) (width 0.1))
    (fp_line (start 1 -0.6) (end -1 -0.6) (layer B.Fab) (width 0.1))
    (fp_line (start -0.261252 0.71) (end 0.261252 0.71) (layer B.SilkS) (width 0.12))
    (fp_line (start -0.261252 -0.71) (end 0.261252 -0.71) (layer B.SilkS) (width 0.12))
    (fp_line (start -1.85 -0.95) (end -1.85 0.95) (layer B.CrtYd) (width 0.05))
    (fp_line (start -1.85 0.95) (end 1.85 0.95) (layer B.CrtYd) (width 0.05))
    (fp_line (start 1.85 0.95) (end 1.85 -0.95) (layer B.CrtYd) (width 0.05))
    (fp_line (start 1.85 -0.95) (end -1.85 -0.95) (layer B.CrtYd) (width 0.05))
    (fp_text user %R (at 0 0 270) (layer B.Fab) hide
      (effects (font (size 0.5 0.5) (thickness 0.08)) (justify mirror))
    )
    (pad 1 smd roundrect (at -1.025 0 270) (size 1.15 1.4) (layers B.Cu B.Paste B.Mask) (roundrect_rratio 0.217391)
      (net 2 /3V3))
    (pad 2 smd roundrect (at 1.025 0 270) (size 1.15 1.4) (layers B.Cu B.Paste B.Mask) (roundrect_rratio 0.217391)
      (net 1 GND))
    (model ${KISYS3DMOD}/Capacitor_SMD.3dshapes/C_0805_2012Metric.wrl
      (at (xyz 0 0 0))
      (scale (xyz 1 1 1))
      (rotate (xyz 0 0 0))
    )
  )

  (module Capacitor_SMD:C_0805_2012Metric_Pad1.15x1.40mm_HandSolder (layer B.Cu) (tedit 5B36C52B) (tstamp 5BA9A438)
    (at 172.5 64.6 180)
    (descr "Capacitor SMD 0805 (2012 Metric), square (rectangular) end terminal, IPC_7351 nominal with elongated pad for handsoldering. (Body size source: https://docs.google.com/spreadsheets/d/1BsfQQcO9C6DZCsRaXUlFlo91Tg2WpOkGARC1WS5S8t0/edit?usp=sharing), generated with kicad-footprint-generator")
    (tags "capacitor handsolder")
    (path /5B6351C6/5B6353F2)
    (attr smd)
    (fp_text reference C3b1 (at 0 -1.6 180) (layer B.SilkS)
      (effects (font (size 1 1) (thickness 0.15)) (justify mirror))
    )
    (fp_text value 100nF (at 0 -1.65 180) (layer B.Fab) hide
      (effects (font (size 1 1) (thickness 0.15)) (justify mirror))
    )
    (fp_text user %R (at 0 0 180) (layer B.Fab) hide
      (effects (font (size 0.5 0.5) (thickness 0.08)) (justify mirror))
    )
    (fp_line (start 1.85 -0.95) (end -1.85 -0.95) (layer B.CrtYd) (width 0.05))
    (fp_line (start 1.85 0.95) (end 1.85 -0.95) (layer B.CrtYd) (width 0.05))
    (fp_line (start -1.85 0.95) (end 1.85 0.95) (layer B.CrtYd) (width 0.05))
    (fp_line (start -1.85 -0.95) (end -1.85 0.95) (layer B.CrtYd) (width 0.05))
    (fp_line (start -0.261252 -0.71) (end 0.261252 -0.71) (layer B.SilkS) (width 0.12))
    (fp_line (start -0.261252 0.71) (end 0.261252 0.71) (layer B.SilkS) (width 0.12))
    (fp_line (start 1 -0.6) (end -1 -0.6) (layer B.Fab) (width 0.1))
    (fp_line (start 1 0.6) (end 1 -0.6) (layer B.Fab) (width 0.1))
    (fp_line (start -1 0.6) (end 1 0.6) (layer B.Fab) (width 0.1))
    (fp_line (start -1 -0.6) (end -1 0.6) (layer B.Fab) (width 0.1))
    (pad 2 smd roundrect (at 1.025 0 180) (size 1.15 1.4) (layers B.Cu B.Paste B.Mask) (roundrect_rratio 0.217391)
      (net 1 GND))
    (pad 1 smd roundrect (at -1.025 0 180) (size 1.15 1.4) (layers B.Cu B.Paste B.Mask) (roundrect_rratio 0.217391)
      (net 2 /3V3))
    (model ${KISYS3DMOD}/Capacitor_SMD.3dshapes/C_0805_2012Metric.wrl
      (at (xyz 0 0 0))
      (scale (xyz 1 1 1))
      (rotate (xyz 0 0 0))
    )
  )

  (module Capacitor_SMD:C_0805_2012Metric_Pad1.15x1.40mm_HandSolder (layer F.Cu) (tedit 5B36C52B) (tstamp 5BA9A449)
    (at 185.6 71.9 270)
    (descr "Capacitor SMD 0805 (2012 Metric), square (rectangular) end terminal, IPC_7351 nominal with elongated pad for handsoldering. (Body size source: https://docs.google.com/spreadsheets/d/1BsfQQcO9C6DZCsRaXUlFlo91Tg2WpOkGARC1WS5S8t0/edit?usp=sharing), generated with kicad-footprint-generator")
    (tags "capacitor handsolder")
    (path /5BACF8DF/5BAF9CCE)
    (attr smd)
    (fp_text reference C7a1 (at 2.4 0.3) (layer F.SilkS)
      (effects (font (size 0.8 0.8) (thickness 0.15)))
    )
    (fp_text value 100nF (at 0 1.65 270) (layer F.Fab) hide
      (effects (font (size 1 1) (thickness 0.15)))
    )
    (fp_text user %R (at 0 0 270) (layer F.Fab) hide
      (effects (font (size 0.5 0.5) (thickness 0.08)))
    )
    (fp_line (start 1.85 0.95) (end -1.85 0.95) (layer F.CrtYd) (width 0.05))
    (fp_line (start 1.85 -0.95) (end 1.85 0.95) (layer F.CrtYd) (width 0.05))
    (fp_line (start -1.85 -0.95) (end 1.85 -0.95) (layer F.CrtYd) (width 0.05))
    (fp_line (start -1.85 0.95) (end -1.85 -0.95) (layer F.CrtYd) (width 0.05))
    (fp_line (start -0.261252 0.71) (end 0.261252 0.71) (layer F.SilkS) (width 0.12))
    (fp_line (start -0.261252 -0.71) (end 0.261252 -0.71) (layer F.SilkS) (width 0.12))
    (fp_line (start 1 0.6) (end -1 0.6) (layer F.Fab) (width 0.1))
    (fp_line (start 1 -0.6) (end 1 0.6) (layer F.Fab) (width 0.1))
