(kicad_pcb (version 20171130) (host pcbnew 6.0.0-rc1-unknown-ad9916a~66~ubuntu18.04.1)

  (general
    (thickness 1.6)
    (drawings 5)
    (tracks 380)
    (zones 0)
    (modules 29)
    (nets 59)
  )

  (page A4)
  (layers
    (0 F.Cu signal)
    (31 B.Cu signal)
    (32 B.Adhes user)
    (33 F.Adhes user)
    (34 B.Paste user)
    (35 F.Paste user)
    (36 B.SilkS user)
    (37 F.SilkS user)
    (38 B.Mask user)
    (39 F.Mask user)
    (40 Dwgs.User user)
    (41 Cmts.User user)
    (42 Eco1.User user)
    (43 Eco2.User user)
    (44 Edge.Cuts user)
    (45 Margin user)
    (46 B.CrtYd user)
    (47 F.CrtYd user)
    (48 B.Fab user)
    (49 F.Fab user)
  )

  (setup
    (last_trace_width 0.25)
    (trace_clearance 0.2)
    (zone_clearance 0.508)
    (zone_45_only no)
    (trace_min 0.2)
    (via_size 1)
    (via_drill 0.4)
    (via_min_size 0.4)
    (via_min_drill 0.3)
    (uvia_size 0.3)
    (uvia_drill 0.1)
    (uvias_allowed no)
    (uvia_min_size 0.2)
    (uvia_min_drill 0.1)
    (edge_width 0.05)
    (segment_width 0.2)
    (pcb_text_width 0.3)
    (pcb_text_size 1.5 1.5)
    (mod_edge_width 0.12)
    (mod_text_size 1 1)
    (mod_text_width 0.15)
    (pad_size 5 5)
    (pad_drill 2.8)
    (pad_to_mask_clearance 0.051)
    (solder_mask_min_width 0.25)
    (aux_axis_origin 0 0)
    (visible_elements FFFFFF7F)
    (pcbplotparams
      (layerselection 0x010fc_ffffffff)
      (usegerberextensions false)
      (usegerberattributes false)
      (usegerberadvancedattributes false)
      (creategerberjobfile false)
      (excludeedgelayer true)
      (linewidth 0.100000)
      (plotframeref false)
      (viasonmask false)
      (mode 1)
      (useauxorigin false)
      (hpglpennumber 1)
      (hpglpenspeed 20)
      (hpglpendiameter 15.000000)
      (psnegative false)
      (psa4output false)
      (plotreference true)
      (plotvalue true)
      (plotinvisibletext false)
      (padsonsilk false)
      (subtractmaskfromsilk false)
      (outputformat 1)
      (mirror false)
      (drillshape 1)
      (scaleselection 1)
      (outputdirectory ""))
  )

  (net 0 "")
  (net 1 /3V3)
  (net 2 GND)
  (net 3 /VDDCORE)
  (net 4 "Net-(C6-Pad1)")
  (net 5 /VDDANA)
  (net 6 /XIN32)
  (net 7 /XOUT32)
  (net 8 /USB_P)
  (net 9 /USB_N)
  (net 10 /VBUS)
  (net 11 /USB_ID)
  (net 12 /USB/ID)
  (net 13 /SWDIO)
  (net 14 /SWCLK)
  (net 15 /RESET)
  (net 16 /A0)
  (net 17 /AREF)
  (net 18 /LED)
  (net 19 /PB09)
  (net 20 /A3)
  (net 21 /A4)
  (net 22 /A5)
  (net 23 /A6)
  (net 24 /SDA)
  (net 25 /SCL)
  (net 26 /PIN_2)
  (net 27 /PIN_3)
  (net 28 /PIN_4)
  (net 29 /PIN_5)
  (net 30 /SD_MOSI)
  (net 31 /SD_SCK)
  (net 32 /SD_NSS)
  (net 33 /SD_MISO)
  (net 34 /MOSI)
  (net 35 /SCK)
  (net 36 /MISO)
  (net 37 /PIN_1)
  (net 38 /TX)
  (net 39 /RX)
  (net 40 /SD_CD)
  (net 41 /PA28)
  (net 42 /A1)
  (net 43 /A2)
  (net 44 /TRX_NSS)
  (net 45 /TRX_RST)
  (net 46 /Communication/DIO5)
  (net 47 /Communication/DIO3)
  (net 48 /Communication/DIO4)
  (net 49 /TRX_INT)
  (net 50 /Communication/DIO1)
  (net 51 /Communication/DIO2)
  (net 52 /VBAT)
  (net 53 /Communication/ANT)
  (net 54 /Power/REG_USB)
  (net 55 "Net-(U2-Pad7)")
  (net 56 "Net-(U2-Pad9)")
  (net 57 "Net-(U2-Pad12)")
  (net 58 "Net-(U5-Pad1)")

  (net_class Default "This is the default net class."
    (clearance 0.2)
    (trace_width 0.25)
    (via_dia 1)
    (via_drill 0.4)
    (uvia_dia 0.3)
    (uvia_drill 0.1)
    (add_net /A0)
    (add_net /A1)
    (add_net /A2)
    (add_net /A3)
    (add_net /A4)
    (add_net /A5)
    (add_net /A6)
    (add_net /AREF)
    (add_net /Communication/DIO1)
    (add_net /Communication/DIO2)
    (add_net /Communication/DIO3)
    (add_net /Communication/DIO4)
    (add_net /Communication/DIO5)
    (add_net /LED)
    (add_net /MISO)
    (add_net /MOSI)
    (add_net /PA28)
    (add_net /PB09)
    (add_net /PIN_1)
    (add_net /PIN_2)
    (add_net /PIN_3)
    (add_net /PIN_4)
    (add_net /PIN_5)
    (add_net /RESET)
    (add_net /RX)
    (add_net /SCK)
    (add_net /SCL)
    (add_net /SDA)
    (add_net /SD_CD)
    (add_net /SD_MISO)
    (add_net /SD_MOSI)
    (add_net /SD_NSS)
    (add_net /SD_SCK)
    (add_net /SWCLK)
    (add_net /SWDIO)
    (add_net /TRX_INT)
    (add_net /TRX_NSS)
    (add_net /TRX_RST)
    (add_net /TX)
    (add_net /USB/ID)
    (add_net /USB_ID)
    (add_net /USB_N)
    (add_net /USB_P)
    (add_net /VBUS)
    (add_net /VDDANA)
    (add_net /VDDCORE)
    (add_net /XIN32)
    (add_net /XOUT32)
    (add_net GND)
    (add_net "Net-(C6-Pad1)")
    (add_net "Net-(U2-Pad12)")
    (add_net "Net-(U2-Pad7)")
    (add_net "Net-(U2-Pad9)")
    (add_net "Net-(U5-Pad1)")
  )

  (net_class Power ""
    (clearance 0.2)
    (trace_width 0.5)
    (via_dia 1)
    (via_drill 0.4)
    (uvia_dia 0.3)
    (uvia_drill 0.1)
    (add_net /3V3)
    (add_net /Communication/ANT)
    (add_net /Power/REG_USB)
    (add_net /VBAT)
  )

  (net_class uC ""
    (clearance 0.2)
    (trace_width 0.25)
    (via_dia 1)
    (via_drill 0.4)
    (uvia_dia 0.3)
    (uvia_drill 0.1)
  )

  (module GPS:TRH-G2 (layer F.Cu) (tedit 5BFDACBF) (tstamp 5BF81FB8)
    (at 143.1 67.4)
    (path /5BD83F9A)
    (fp_text reference U2 (at 0 -15.24) (layer F.SilkS) hide
      (effects (font (size 1 1) (thickness 0.15)))
    )
    (fp_text value TRH-G2 (at 0 15.24) (layer F.Fab) hide
      (effects (font (size 1 1) (thickness 0.15)))
    )
    (fp_line (start -41.91 -17) (end 41.91 -17) (layer F.SilkS) (width 0.12))
    (fp_line (start -41.91 17) (end 41.91 17) (layer F.SilkS) (width 0.12))
    (fp_line (start 41.91 -17) (end 41.91 17) (layer F.SilkS) (width 0.12))
    (fp_line (start -41.91 17) (end -41.91 -17) (layer F.SilkS) (width 0.12))
    (fp_line (start 36.07 -7.555) (end 41.15 -7.555) (layer F.SilkS) (width 0.12))
    (fp_line (start 41.15 -7.555) (end 41.15 7.685) (layer F.SilkS) (width 0.12))
    (fp_line (start 41.15 7.685) (end 36.07 7.685) (layer F.SilkS) (width 0.12))
    (fp_line (start 36.07 7.685) (end 36.07 -7.555) (layer F.SilkS) (width 0.12))
    (pad "" thru_hole circle (at -38.74 -11.115) (size 5 5) (drill 2.8) (layers *.Cu *.Mask)
      (net 2 GND))
    (pad "" thru_hole circle (at -38.74 11.115) (size 5 5) (drill 2.8) (layers *.Cu *.Mask)
      (net 2 GND))
    (pad "" thru_hole circle (at 38.74 -11.115) (size 5 5) (drill 2.8) (layers *.Cu *.Mask)
      (net 2 GND))
    (pad "" thru_hole circle (at 38.74 11.115) (size 5 5) (drill 2.8) (layers *.Cu *.Mask)
      (net 2 GND))
    (pad 1 thru_hole circle (at 37.34 -6.285) (size 1.6 1.6) (drill 0.8) (layers *.Cu *.Mask)
      (net 1 /3V3))
    (pad 2 thru_hole circle (at 39.88 -6.285) (size 1.6 1.6) (drill 0.8) (layers *.Cu *.Mask)
      (net 1 /3V3))
    (pad 3 thru_hole circle (at 37.34 -3.745) (size 1.6 1.6) (drill 0.8) (layers *.Cu *.Mask)
      (net 2 GND))
    (pad 4 thru_hole circle (at 39.88 -3.745) (size 1.6 1.6) (drill 0.8) (layers *.Cu *.Mask)
      (net 2 GND))
    (pad 5 thru_hole circle (at 37.34 -1.205) (size 1.6 1.6) (drill 0.8) (layers *.Cu *.Mask)
      (net 2 GND))
    (pad 6 thru_hole circle (at 39.88 -1.205) (size 1.6 1.6) (drill 0.8) (layers *.Cu *.Mask)
      (net 2 GND))
    (pad 7 thru_hole circle (at 37.34 1.335) (size 1.6 1.6) (drill 0.8) (layers *.Cu *.Mask)
      (net 55 "Net-(U2-Pad7)"))
    (pad 8 thru_hole circle (at 39.88 1.335) (size 1.6 1.6) (drill 0.8) (layers *.Cu *.Mask)
      (net 2 GND))
    (pad 9 thru_hole circle (at 37.34 3.875) (size 1.6 1.6) (drill 0.8) (layers *.Cu *.Mask)
      (net 56 "Net-(U2-Pad9)"))
    (pad 10 thru_hole circle (at 39.88 3.875) (size 1.6 1.6) (drill 0.8) (layers *.Cu *.Mask)
      (net 39 /RX))
    (pad 11 thru_hole circle (at 37.34 6.415) (size 1.6 1.6) (drill 0.8) (layers *.Cu *.Mask)
      (net 38 /TX))
    (pad 12 thru_hole circle (at 39.88 6.415) (size 1.6 1.6) (drill 0.8) (layers *.Cu *.Mask)
      (net 57 "Net-(U2-Pad12)"))
    (model ${KISYS3DMOD}/Connector_PinSocket_2.54mm.3dshapes/PinSocket_2x06_P2.54mm_Vertical.step
      (offset (xyz 39.88 6.3 0))
      (scale (xyz 1 1 1))
      (rotate (xyz 0 0 0))
    )
  )

  (module Antenna:SMA (layer B.Cu) (tedit 5BF8679D) (tstamp 5BFC5E3C)
    (at 170 59.95 270)
    (path /5BD13DD6/5BD153FD)
    (fp_text reference J3 (at 0 -4.05 270) (layer B.SilkS)
      (effects (font (size 1 1) (thickness 0.15)) (justify mirror))
    )
    (fp_text value SMA (at 0 5.08 270) (layer B.Fab) hide
      (effects (font (size 1 1) (thickness 0.15)) (justify mirror))
    )
    (fp_line (start -3.1496 -3.1496) (end 3.1496 -3.1496) (layer B.SilkS) (width 0.381))
    (fp_line (start -3.1496 3.1496) (end 3.1496 3.1496) (layer B.SilkS) (width 0.381))
    (fp_line (start 3.1496 3.1496) (end 3.1496 -3.1496) (layer B.SilkS) (width 0.381))
    (fp_line (start -3.1496 -3.1496) (end -3.1496 3.1496) (layer B.SilkS) (width 0.381))
    (pad 2 thru_hole circle (at -2.54 2.54 270) (size 2.5 2.5) (drill 1.6) (layers *.Cu *.Mask B.SilkS)
      (net 2 GND))
    (pad 3 thru_hole circle (at 2.54 2.54 270) (size 2.5 2.5) (drill 1.6) (layers *.Cu *.Mask B.SilkS)
      (net 2 GND))
    (pad 5 thru_hole circle (at -2.54 -2.54 270) (size 2.5 2.5) (drill 1.6) (layers *.Cu *.Mask B.SilkS)
      (net 2 GND))
    (pad 4 thru_hole circle (at 2.54 -2.54 270) (size 2.5 2.5) (drill 1.6) (layers *.Cu *.Mask B.SilkS)
      (net 2 GND))
    (pad 1 thru_hole circle (at 0 0 270) (size 2.5 2.5) (drill 1.5) (layers *.Cu *.Mask B.SilkS)
      (net 53 /Communication/ANT))
    (model ../../../../../home/electronica/Dropbox/Femtosat/Library/Antenna/SMA.wrl
      (offset (xyz 0 0 -7.746999883651733))
      (scale (xyz 0.4 0.4 0.4))
      (rotate (xyz -90 0 -90))
    )
  )

  (module Capacitor_SMD:C_0603_1608Metric_Pad1.05x0.95mm_HandSolder (layer B.Cu) (tedit 5B301BBE) (tstamp 5BD2BD83)
    (at 129 72.95 180)
    (descr "Capacitor SMD 0603 (1608 Metric), square (rectangular) end terminal, IPC_7351 nominal with elongated pad for handsoldering. (Body size source: http://www.tortai-tech.com/upload/download/2011102023233369053.pdf), generated with kicad-footprint-generator")
    (tags "capacitor handsolder")
    (path /5B6351C6/5B635382)
    (attr smd)
    (fp_text reference C4 (at 0 0 180) (layer B.SilkS)
      (effects (font (size 0.5 0.5) (thickness 0.08)) (justify mirror))
    )
    (fp_text value 10uF (at 0 -1.43 180) (layer B.Fab) hide
      (effects (font (size 1 1) (thickness 0.15)) (justify mirror))
    )
    (fp_line (start -0.8 -0.4) (end -0.8 0.4) (layer B.Fab) (width 0.1))
    (fp_line (start -0.8 0.4) (end 0.8 0.4) (layer B.Fab) (width 0.1))
    (fp_line (start 0.8 0.4) (end 0.8 -0.4) (layer B.Fab) (width 0.1))
    (fp_line (start 0.8 -0.4) (end -0.8 -0.4) (layer B.Fab) (width 0.1))
    (fp_line (start -0.171267 0.51) (end 0.171267 0.51) (layer B.SilkS) (width 0.12))
    (fp_line (start -0.171267 -0.51) (end 0.171267 -0.51) (layer B.SilkS) (width 0.12))
    (fp_line (start -1.65 -0.73) (end -1.65 0.73) (layer B.CrtYd) (width 0.05))
    (fp_line (start -1.65 0.73) (end 1.65 0.73) (layer B.CrtYd) (width 0.05))
    (fp_line (start 1.65 0.73) (end 1.65 -0.73) (layer B.CrtYd) (width 0.05))
    (fp_line (start 1.65 -0.73) (end -1.65 -0.73) (layer B.CrtYd) (width 0.05))
    (fp_text user %R (at 0 0 180) (layer B.Fab) hide
      (effects (font (size 0.4 0.4) (thickness 0.06)) (justify mirror))
    )
    (pad 1 smd roundrect (at -0.875 0 180) (size 1.05 0.95) (layers B.Cu B.Paste B.Mask) (roundrect_rratio 0.25)
      (net 1 /3V3))
    (pad 2 smd roundrect (at 0.875 0 180) (size 1.05 0.95) (layers B.Cu B.Paste B.Mask) (roundrect_rratio 0.25)
      (net 2 GND))
    (model ${KISYS3DMOD}/Capacitor_SMD.3dshapes/C_0603_1608Metric.wrl
      (at (xyz 0 0 0))
      (scale (xyz 1 1 1))
      (rotate (xyz 0 0 0))
    )
  )

  (module Capacitor_SMD:C_0603_1608Metric_Pad1.05x0.95mm_HandSolder (layer B.Cu) (tedit 5B301BBE) (tstamp 5BD2BD94)
    (at 127.1 58.55 180)
    (descr "Capacitor SMD 0603 (1608 Metric), square (rectangular) end terminal, IPC_7351 nominal with elongated pad for handsoldering. (Body size source: http://www.tortai-tech.com/upload/download/2011102023233369053.pdf), generated with kicad-footprint-generator")
    (tags "capacitor handsolder")
    (path /5B6351C6/5B635301)
    (attr smd)
    (fp_text reference C5 (at 0 0 180) (layer B.SilkS)
      (effects (font (size 0.5 0.5) (thickness 0.08)) (justify mirror))
    )
    (fp_text value 1uF (at 0 -1.43 180) (layer B.Fab) hide
      (effects (font (size 1 1) (thickness 0.15)) (justify mirror))
    )
    (fp_line (start -0.8 -0.4) (end -0.8 0.4) (layer B.Fab) (width 0.1))
    (fp_line (start -0.8 0.4) (end 0.8 0.4) (layer B.Fab) (width 0.1))
    (fp_line (start 0.8 0.4) (end 0.8 -0.4) (layer B.Fab) (width 0.1))
    (fp_line (start 0.8 -0.4) (end -0.8 -0.4) (layer B.Fab) (width 0.1))
    (fp_line (start -0.171267 0.51) (end 0.171267 0.51) (layer B.SilkS) (width 0.12))
    (fp_line (start -0.171267 -0.51) (end 0.171267 -0.51) (layer B.SilkS) (width 0.12))
    (fp_line (start -1.65 -0.73) (end -1.65 0.73) (layer B.CrtYd) (width 0.05))
    (fp_line (start -1.65 0.73) (end 1.65 0.73) (layer B.CrtYd) (width 0.05))
    (fp_line (start 1.65 0.73) (end 1.65 -0.73) (layer B.CrtYd) (width 0.05))
    (fp_line (start 1.65 -0.73) (end -1.65 -0.73) (layer B.CrtYd) (width 0.05))
    (fp_text user %R (at 0 0 180) (layer B.Fab) hide
      (effects (font (size 0.4 0.4) (thickness 0.06)) (justify mirror))
    )
    (pad 1 smd roundrect (at -0.875 0 180) (size 1.05 0.95) (layers B.Cu B.Paste B.Mask) (roundrect_rratio 0.25)
      (net 3 /VDDCORE))
    (pad 2 smd roundrect (at 0.875 0 180) (size 1.05 0.95) (layers B.Cu B.Paste B.Mask) (roundrect_rratio 0.25)
      (net 2 GND))
    (model ${KISYS3DMOD}/Capacitor_SMD.3dshapes/C_0603_1608Metric.wrl
      (at (xyz 0 0 0))
      (scale (xyz 1 1 1))
      (rotate (xyz 0 0 0))
    )
  )

  (module Capacitor_SMD:C_0603_1608Metric_Pad1.05x0.95mm_HandSolder (layer F.Cu) (tedit 5B301BBE) (tstamp 5BD2BDA5)
    (at 111.35 59.65 180)
    (descr "Capacitor SMD 0603 (1608 Metric), square (rectangular) end terminal, IPC_7351 nominal with elongated pad for handsoldering. (Body size source: http://www.tortai-tech.com/upload/download/2011102023233369053.pdf), generated with kicad-footprint-generator")
    (tags "capacitor handsolder")
    (path /5B626331/5B62BE71)
    (attr smd)
    (fp_text reference C6 (at 0 0 180) (layer F.SilkS)
      (effects (font (size 0.5 0.5) (thickness 0.08)))
    )
    (fp_text value 4.7nF (at 0 1.43 180) (layer F.Fab) hide
      (effects (font (size 1 1) (thickness 0.15)))
    )
    (fp_line (start -0.8 0.4) (end -0.8 -0.4) (layer F.Fab) (width 0.1))
    (fp_line (start -0.8 -0.4) (end 0.8 -0.4) (layer F.Fab) (width 0.1))
    (fp_line (start 0.8 -0.4) (end 0.8 0.4) (layer F.Fab) (width 0.1))
    (fp_line (start 0.8 0.4) (end -0.8 0.4) (layer F.Fab) (width 0.1))
    (fp_line (start -0.171267 -0.51) (end 0.171267 -0.51) (layer F.SilkS) (width 0.12))
    (fp_line (start -0.171267 0.51) (end 0.171267 0.51) (layer F.SilkS) (width 0.12))
    (fp_line (start -1.65 0.73) (end -1.65 -0.73) (layer F.CrtYd) (width 0.05))
    (fp_line (start -1.65 -0.73) (end 1.65 -0.73) (layer F.CrtYd) (width 0.05))
    (fp_line (start 1.65 -0.73) (end 1.65 0.73) (layer F.CrtYd) (width 0.05))
    (fp_line (start 1.65 0.73) (end -1.65 0.73) (layer F.CrtYd) (width 0.05))
    (fp_text user %R (at 0 0 180) (layer F.Fab) hide
      (effects (font (size 0.4 0.4) (thickness 0.06)))
    )
    (pad 1 smd roundrect (at -0.875 0 180) (size 1.05 0.95) (layers F.Cu F.Paste F.Mask) (roundrect_rratio 0.25)
      (net 4 "Net-(C6-Pad1)"))
    (pad 2 smd roundrect (at 0.875 0 180) (size 1.05 0.95) (layers F.Cu F.Paste F.Mask) (roundrect_rratio 0.25)
      (net 2 GND))
    (model ${KISYS3DMOD}/Capacitor_SMD.3dshapes/C_0603_1608Metric.wrl
      (at (xyz 0 0 0))
      (scale (xyz 1 1 1))
      (rotate (xyz 0 0 0))
    )
  )

  (module Capacitor_SMD:C_0603_1608Metric_Pad1.05x0.95mm_HandSolder (layer B.Cu) (tedit 5B301BBE) (tstamp 5BD2BDB6)
    (at 136.85 66.45)
    (descr "Capacitor SMD 0603 (1608 Metric), square (rectangular) end terminal, IPC_7351 nominal with elongated pad for handsoldering. (Body size source: http://www.tortai-tech.com/upload/download/2011102023233369053.pdf), generated with kicad-footprint-generator")
    (tags "capacitor handsolder")
    (path /5B6351C6/5B635342)
    (attr smd)
    (fp_text reference C2a1 (at 2.55 0) (layer B.SilkS)
      (effects (font (size 0.5 0.5) (thickness 0.08)) (justify mirror))
    )
    (fp_text value 10uF (at 0 -1.43) (layer B.Fab) hide
      (effects (font (size 1 1) (thickness 0.15)) (justify mirror))
    )
    (fp_text user %R (at 0 0) (layer B.Fab) hide
      (effects (font (size 0.4 0.4) (thickness 0.06)) (justify mirror))
    )
    (fp_line (start 1.65 -0.73) (end -1.65 -0.73) (layer B.CrtYd) (width 0.05))
    (fp_line (start 1.65 0.73) (end 1.65 -0.73) (layer B.CrtYd) (width 0.05))
    (fp_line (start -1.65 0.73) (end 1.65 0.73) (layer B.CrtYd) (width 0.05))
    (fp_line (start -1.65 -0.73) (end -1.65 0.73) (layer B.CrtYd) (width 0.05))
    (fp_line (start -0.171267 -0.51) (end 0.171267 -0.51) (layer B.SilkS) (width 0.12))
    (fp_line (start -0.171267 0.51) (end 0.171267 0.51) (layer B.SilkS) (width 0.12))
    (fp_line (start 0.8 -0.4) (end -0.8 -0.4) (layer B.Fab) (width 0.1))
    (fp_line (start 0.8 0.4) (end 0.8 -0.4) (layer B.Fab) (width 0.1))
    (fp_line (start -0.8 0.4) (end 0.8 0.4) (layer B.Fab) (width 0.1))
    (fp_line (start -0.8 -0.4) (end -0.8 0.4) (layer B.Fab) (width 0.1))
    (pad 2 smd roundrect (at 0.875 0) (size 1.05 0.95) (layers B.Cu B.Paste B.Mask) (roundrect_rratio 0.25)
      (net 2 GND))
    (pad 1 smd roundrect (at -0.875 0) (size 1.05 0.95) (layers B.Cu B.Paste B.Mask) (roundrect_rratio 0.25)
      (net 5 /VDDANA))
    (model ${KISYS3DMOD}/Capacitor_SMD.3dshapes/C_0603_1608Metric.wrl
      (at (xyz 0 0 0))
      (scale (xyz 1 1 1))
      (rotate (xyz 0 0 0))
    )
  )

  (module Capacitor_SMD:C_0603_1608Metric_Pad1.05x0.95mm_HandSolder (layer B.Cu) (tedit 5B301BBE) (tstamp 5BD2BDC7)
    (at 136.85 67.95)
    (descr "Capacitor SMD 0603 (1608 Metric), square (rectangular) end terminal, IPC_7351 nominal with elongated pad for handsoldering. (Body size source: http://www.tortai-tech.com/upload/download/2011102023233369053.pdf), generated with kicad-footprint-generator")
    (tags "capacitor handsolder")
    (path /5B6351C6/5B635202)
    (attr smd)
    (fp_text reference C2b1 (at -1.95 0 270) (layer B.SilkS)
      (effects (font (size 0.5 0.5) (thickness 0.08)) (justify mirror))
    )
    (fp_text value 100nF (at 0 -1.43) (layer B.Fab) hide
      (effects (font (size 1 1) (thickness 0.15)) (justify mirror))
    )
    (fp_text user %R (at 0 0) (layer B.Fab) hide
      (effects (font (size 0.4 0.4) (thickness 0.06)) (justify mirror))
    )
    (fp_line (start 1.65 -0.73) (end -1.65 -0.73) (layer B.CrtYd) (width 0.05))
    (fp_line (start 1.65 0.73) (end 1.65 -0.73) (layer B.CrtYd) (width 0.05))
    (fp_line (start -1.65 0.73) (end 1.65 0.73) (layer B.CrtYd) (width 0.05))
    (fp_line (start -1.65 -0.73) (end -1.65 0.73) (layer B.CrtYd) (width 0.05))
    (fp_line (start -0.171267 -0.51) (end 0.171267 -0.51) (layer B.SilkS) (width 0.12))
    (fp_line (start -0.171267 0.51) (end 0.171267 0.51) (layer B.SilkS) (width 0.12))
    (fp_line (start 0.8 -0.4) (end -0.8 -0.4) (layer B.Fab) (width 0.1))
    (fp_line (start 0.8 0.4) (end 0.8 -0.4) (layer B.Fab) (width 0.1))
    (fp_line (start -0.8 0.4) (end 0.8 0.4) (layer B.Fab) (width 0.1))
    (fp_line (start -0.8 -0.4) (end -0.8 0.4) (layer B.Fab) (width 0.1))
    (pad 2 smd roundrect (at 0.875 0) (size 1.05 0.95) (layers B.Cu B.Paste B.Mask) (roundrect_rratio 0.25)
      (net 2 GND))
    (pad 1 smd roundrect (at -0.875 0) (size 1.05 0.95) (layers B.Cu B.Paste B.Mask) (roundrect_rratio 0.25)
      (net 5 /VDDANA))
    (model ${KISYS3DMOD}/Capacitor_SMD.3dshapes/C_0603_1608Metric.wrl
      (at (xyz 0 0 0))
      (scale (xyz 1 1 1))
      (rotate (xyz 0 0 0))
    )
  )

  (module Capacitor_SMD:C_0603_1608Metric_Pad1.05x0.95mm_HandSolder (layer B.Cu) (tedit 5B301BBE) (tstamp 5BD2BDD8)
    (at 129 71.45 180)
    (descr "Capacitor SMD 0603 (1608 Metric), square (rectangular) end terminal, IPC_7351 nominal with elongated pad for handsoldering. (Body size source: http://www.tortai-tech.com/upload/download/2011102023233369053.pdf), generated with kicad-footprint-generator")
    (tags "capacitor handsolder")
    (path /5B6351C6/5B6353CA)
    (attr smd)
    (fp_text reference C3a1 (at -2 0 270) (layer B.SilkS)
      (effects (font (size 0.5 0.5) (thickness 0.08)) (justify mirror))
    )
    (fp_text value 100nF (at 0 -1.43 180) (layer B.Fab) hide
      (effects (font (size 1 1) (thickness 0.15)) (justify mirror))
    )
    (fp_text user %R (at 0 0 180) (layer B.Fab) hide
      (effects (font (size 0.4 0.4) (thickness 0.06)) (justify mirror))
    )
    (fp_line (start 1.65 -0.73) (end -1.65 -0.73) (layer B.CrtYd) (width 0.05))
    (fp_line (start 1.65 0.73) (end 1.65 -0.73) (layer B.CrtYd) (width 0.05))
    (fp_line (start -1.65 0.73) (end 1.65 0.73) (layer B.CrtYd) (width 0.05))
    (fp_line (start -1.65 -0.73) (end -1.65 0.73) (layer B.CrtYd) (width 0.05))
    (fp_line (start -0.171267 -0.51) (end 0.171267 -0.51) (layer B.SilkS) (width 0.12))
    (fp_line (start -0.171267 0.51) (end 0.171267 0.51) (layer B.SilkS) (width 0.12))
    (fp_line (start 0.8 -0.4) (end -0.8 -0.4) (layer B.Fab) (width 0.1))
    (fp_line (start 0.8 0.4) (end 0.8 -0.4) (layer B.Fab) (width 0.1))
    (fp_line (start -0.8 0.4) (end 0.8 0.4) (layer B.Fab) (width 0.1))
    (fp_line (start -0.8 -0.4) (end -0.8 0.4) (layer B.Fab) (width 0.1))
    (pad 2 smd roundrect (at 0.875 0 180) (size 1.05 0.95) (layers B.Cu B.Paste B.Mask) (roundrect_rratio 0.25)
      (net 2 GND))
    (pad 1 smd roundrect (at -0.875 0 180) (size 1.05 0.95) (layers B.Cu B.Paste B.Mask) (roundrect_rratio 0.25)
      (net 1 /3V3))
    (model ${KISYS3DMOD}/Capacitor_SMD.3dshapes/C_0603_1608Metric.wrl
      (at (xyz 0 0 0))
      (scale (xyz 1 1 1))
      (rotate (xyz 0 0 0))
    )
  )

  (module Capacitor_SMD:C_0603_1608Metric_Pad1.05x0.95mm_HandSolder (layer B.Cu) (tedit 5B301BBE) (tstamp 5BD2BDE9)
    (at 122.45 61.8 270)
    (descr "Capacitor SMD 0603 (1608 Metric), square (rectangular) end terminal, IPC_7351 nominal with elongated pad for handsoldering. (Body size source: http://www.tortai-tech.com/upload/download/2011102023233369053.pdf), generated with kicad-footprint-generator")
    (tags "capacitor handsolder")
    (path /5B6351C6/5B6353F2)
    (attr smd)
    (fp_text reference C3b1 (at 0 1.05 270) (layer B.SilkS)
      (effects (font (size 0.5 0.5) (thickness 0.08)) (justify mirror))
    )
    (fp_text value 100nF (at 0 -1.43 270) (layer B.Fab) hide
      (effects (font (size 1 1) (thickness 0.15)) (justify mirror))
    )
    (fp_line (start -0.8 -0.4) (end -0.8 0.4) (layer B.Fab) (width 0.1))
    (fp_line (start -0.8 0.4) (end 0.8 0.4) (layer B.Fab) (width 0.1))
    (fp_line (start 0.8 0.4) (end 0.8 -0.4) (layer B.Fab) (width 0.1))
    (fp_line (start 0.8 -0.4) (end -0.8 -0.4) (layer B.Fab) (width 0.1))
    (fp_line (start -0.171267 0.51) (end 0.171267 0.51) (layer B.SilkS) (width 0.12))
    (fp_line (start -0.171267 -0.51) (end 0.171267 -0.51) (layer B.SilkS) (width 0.12))
    (fp_line (start -1.65 -0.73) (end -1.65 0.73) (layer B.CrtYd) (width 0.05))
    (fp_line (start -1.65 0.73) (end 1.65 0.73) (layer B.CrtYd) (width 0.05))
    (fp_line (start 1.65 0.73) (end 1.65 -0.73) (layer B.CrtYd) (width 0.05))
    (fp_line (start 1.65 -0.73) (end -1.65 -0.73) (layer B.CrtYd) (width 0.05))
    (fp_text user %R (at 0 0 270) (layer B.Fab) hide
      (effects (font (size 0.4 0.4) (thickness 0.06)) (justify mirror))
    )
    (pad 1 smd roundrect (at -0.875 0 270) (size 1.05 0.95) (layers B.Cu B.Paste B.Mask) (roundrect_rratio 0.25)
      (net 1 /3V3))
    (pad 2 smd roundrect (at 0.875 0 270) (size 1.05 0.95) (layers B.Cu B.Paste B.Mask) (roundrect_rratio 0.25)
      (net 2 GND))
    (model ${KISYS3DMOD}/Capacitor_SMD.3dshapes/C_0603_1608Metric.wrl
      (at (xyz 0 0 0))
      (scale (xyz 1 1 1))
      (rotate (xyz 0 0 0))
    )
  )

  (module Capacitor_SMD:C_0603_1608Metric_Pad1.05x0.95mm_HandSolder (layer B.Cu) (tedit 5B301BBE) (tstamp 5BD2BDFA)
    (at 139.3 61.25)
    (descr "Capacitor SMD 0603 (1608 Metric), square (rectangular) end terminal, IPC_7351 nominal with elongated pad for handsoldering. (Body size source: http://www.tortai-tech.com/upload/download/2011102023233369053.pdf), generated with kicad-footprint-generator")
    (tags "capacitor handsolder")
    (path /5B653719)
    (attr smd)
    (fp_text reference Cc1 (at 0 -1) (layer B.SilkS)
      (effects (font (size 0.5 0.5) (thickness 0.08)) (justify mirror))
    )
    (fp_text value 9pF (at 0 -1.43) (layer B.Fab) hide
      (effects (font (size 1 1) (thickness 0.15)) (justify mirror))
    )
    (fp_line (start -0.8 -0.4) (end -0.8 0.4) (layer B.Fab) (width 0.1))
    (fp_line (start -0.8 0.4) (end 0.8 0.4) (layer B.Fab) (width 0.1))
    (fp_line (start 0.8 0.4) (end 0.8 -0.4) (layer B.Fab) (width 0.1))
    (fp_line (start 0.8 -0.4) (end -0.8 -0.4) (layer B.Fab) (width 0.1))
    (fp_line (start -0.171267 0.51) (end 0.171267 0.51) (layer B.SilkS) (width 0.12))
    (fp_line (start -0.171267 -0.51) (end 0.171267 -0.51) (layer B.SilkS) (width 0.12))
    (fp_line (start -1.65 -0.73) (end -1.65 0.73) (layer B.CrtYd) (width 0.05))
    (fp_line (start -1.65 0.73) (end 1.65 0.73) (layer B.CrtYd) (width 0.05))
    (fp_line (start 1.65 0.73) (end 1.65 -0.73) (layer B.CrtYd) (width 0.05))
    (fp_line (start 1.65 -0.73) (end -1.65 -0.73) (layer B.CrtYd) (width 0.05))
    (fp_text user %R (at 0 0) (layer B.Fab) hide
      (effects (font (size 0.4 0.4) (thickness 0.06)) (justify mirror))
    )
    (pad 1 smd roundrect (at -0.875 0) (size 1.05 0.95) (layers B.Cu B.Paste B.Mask) (roundrect_rratio 0.25)
      (net 6 /XIN32))
    (pad 2 smd roundrect (at 0.875 0) (size 1.05 0.95) (layers B.Cu B.Paste B.Mask) (roundrect_rratio 0.25)
      (net 2 GND))
    (model ${KISYS3DMOD}/Capacitor_SMD.3dshapes/C_0603_1608Metric.wrl
      (at (xyz 0 0 0))
      (scale (xyz 1 1 1))
      (rotate (xyz 0 0 0))
    )
  )

  (module Capacitor_SMD:C_0603_1608Metric_Pad1.05x0.95mm_HandSolder (layer B.Cu) (tedit 5B301BBE) (tstamp 5BD2BE0B)
    (at 139.3 64.5)
    (descr "Capacitor SMD 0603 (1608 Metric), square (rectangular) end terminal, IPC_7351 nominal with elongated pad for handsoldering. (Body size source: http://www.tortai-tech.com/upload/download/2011102023233369053.pdf), generated with kicad-footprint-generator")
    (tags "capacitor handsolder")
    (path /5B653749)
    (attr smd)
    (fp_text reference Cc2 (at 0 1.05) (layer B.SilkS)
      (effects (font (size 0.5 0.5) (thickness 0.08)) (justify mirror))
    )
    (fp_text value 9pF (at 0 -1.43) (layer B.Fab) hide
      (effects (font (size 1 1) (thickness 0.15)) (justify mirror))
    )
    (fp_line (start -0.8 -0.4) (end -0.8 0.4) (layer B.Fab) (width 0.1))
    (fp_line (start -0.8 0.4) (end 0.8 0.4) (layer B.Fab) (width 0.1))
    (fp_line (start 0.8 0.4) (end 0.8 -0.4) (layer B.Fab) (width 0.1))
    (fp_line (start 0.8 -0.4) (end -0.8 -0.4) (layer B.Fab) (width 0.1))
    (fp_line (start -0.171267 0.51) (end 0.171267 0.51) (layer B.SilkS) (width 0.12))
    (fp_line (start -0.171267 -0.51) (end 0.171267 -0.51) (layer B.SilkS) (width 0.12))
    (fp_line (start -1.65 -0.73) (end -1.65 0.73) (layer B.CrtYd) (width 0.05))
    (fp_line (start -1.65 0.73) (end 1.65 0.73) (layer B.CrtYd) (width 0.05))
    (fp_line (start 1.65 0.73) (end 1.65 -0.73) (layer B.CrtYd) (width 0.05))
    (fp_line (start 1.65 -0.73) (end -1.65 -0.73) (layer B.CrtYd) (width 0.05))
    (fp_text user %R (at 0 0) (layer B.Fab) hide
      (effects (font (size 0.4 0.4) (thickness 0.06)) (justify mirror))
    )
    (pad 1 smd roundrect (at -0.875 0) (size 1.05 0.95) (layers B.Cu B.Paste B.Mask) (roundrect_rratio 0.25)
      (net 7 /XOUT32))
    (pad 2 smd roundrect (at 0.875 0) (size 1.05 0.95) (layers B.Cu B.Paste B.Mask) (roundrect_rratio 0.25)
      (net 2 GND))
    (model ${KISYS3DMOD}/Capacitor_SMD.3dshapes/C_0603_1608Metric.wrl
      (at (xyz 0 0 0))
      (scale (xyz 1 1 1))
      (rotate (xyz 0 0 0))
    )
  )

  (module Capacitor_SMD:C_0603_1608Metric_Pad1.05x0.95mm_HandSolder (layer B.Cu) (tedit 5B301BBE) (tstamp 5BD2BE1C)
    (at 115.8 79.5 270)
    (descr "Capacitor SMD 0603 (1608 Metric), square (rectangular) end terminal, IPC_7351 nominal with elongated pad for handsoldering. (Body size source: http://www.tortai-tech.com/upload/download/2011102023233369053.pdf), generated with kicad-footprint-generator")
    (tags "capacitor handsolder")
    (path /5B6351C6/5BB30701)
    (attr smd)
    (fp_text reference Cr1 (at 2 0 180) (layer B.SilkS)
      (effects (font (size 0.5 0.5) (thickness 0.08)) (justify mirror))
    )
    (fp_text value 1uF (at 0 -1.43 270) (layer B.Fab) hide
      (effects (font (size 1 1) (thickness 0.15)) (justify mirror))
    )
    (fp_text user %R (at 0 0 270) (layer B.Fab) hide
      (effects (font (size 0.4 0.4) (thickness 0.06)) (justify mirror))
    )
    (fp_line (start 1.65 -0.73) (end -1.65 -0.73) (layer B.CrtYd) (width 0.05))
    (fp_line (start 1.65 0.73) (end 1.65 -0.73) (layer B.CrtYd) (width 0.05))
    (fp_line (start -1.65 0.73) (end 1.65 0.73) (layer B.CrtYd) (width 0.05))
    (fp_line (start -1.65 -0.73) (end -1.65 0.73) (layer B.CrtYd) (width 0.05))
    (fp_line (start -0.171267 -0.51) (end 0.171267 -0.51) (layer B.SilkS) (width 0.12))
    (fp_line (start -0.171267 0.51) (end 0.171267 0.51) (layer B.SilkS) (width 0.12))
    (fp_line (start 0.8 -0.4) (end -0.8 -0.4) (layer B.Fab) (width 0.1))
    (fp_line (start 0.8 0.4) (end 0.8 -0.4) (layer B.Fab) (width 0.1))
    (fp_line (start -0.8 0.4) (end 0.8 0.4) (layer B.Fab) (width 0.1))
    (fp_line (start -0.8 -0.4) (end -0.8 0.4) (layer B.Fab) (width 0.1))
    (pad 2 smd roundrect (at 0.875 0 270) (size 1.05 0.95) (layers B.Cu B.Paste B.Mask) (roundrect_rratio 0.25)
      (net 2 GND))
    (pad 1 smd roundrect (at -0.875 0 270) (size 1.05 0.95) (layers B.Cu B.Paste B.Mask) (roundrect_rratio 0.25)
      (net 10 /VBUS))
    (model ${KISYS3DMOD}/Capacitor_SMD.3dshapes/C_0603_1608Metric.wrl
      (at (xyz 0 0 0))
      (scale (xyz 1 1 1))
      (rotate (xyz 0 0 0))
    )
  )

  (module Capacitor_SMD:C_0603_1608Metric_Pad1.05x0.95mm_HandSolder (layer B.Cu) (tedit 5B301BBE) (tstamp 5BD2BE2D)
    (at 114.3 79.5 270)
    (descr "Capacitor SMD 0603 (1608 Metric), square (rectangular) end terminal, IPC_7351 nominal with elongated pad for handsoldering. (Body size source: http://www.tortai-tech.com/upload/download/2011102023233369053.pdf), generated with kicad-footprint-generator")
    (tags "capacitor handsolder")
    (path /5B6351C6/5BB3073D)
    (attr smd)
    (fp_text reference Cr2 (at 0 1 270) (layer B.SilkS)
      (effects (font (size 0.5 0.5) (thickness 0.08)) (justify mirror))
    )
    (fp_text value 1uF (at 0 -1.43 270) (layer B.Fab) hide
      (effects (font (size 1 1) (thickness 0.15)) (justify mirror))
    )
    (fp_text user %R (at 0 0 270) (layer B.Fab) hide
      (effects (font (size 0.4 0.4) (thickness 0.06)) (justify mirror))
    )
    (fp_line (start 1.65 -0.73) (end -1.65 -0.73) (layer B.CrtYd) (width 0.05))
    (fp_line (start 1.65 0.73) (end 1.65 -0.73) (layer B.CrtYd) (width 0.05))
    (fp_line (start -1.65 0.73) (end 1.65 0.73) (layer B.CrtYd) (width 0.05))
    (fp_line (start -1.65 -0.73) (end -1.65 0.73) (layer B.CrtYd) (width 0.05))
    (fp_line (start -0.171267 -0.51) (end 0.171267 -0.51) (layer B.SilkS) (width 0.12))
    (fp_line (start -0.171267 0.51) (end 0.171267 0.51) (layer B.SilkS) (width 0.12))
    (fp_line (start 0.8 -0.4) (end -0.8 -0.4) (layer B.Fab) (width 0.1))
    (fp_line (start 0.8 0.4) (end 0.8 -0.4) (layer B.Fab) (width 0.1))
    (fp_line (start -0.8 0.4) (end 0.8 0.4) (layer B.Fab) (width 0.1))
    (fp_line (start -0.8 -0.4) (end -0.8 0.4) (layer B.Fab) (width 0.1))
    (pad 2 smd roundrect (at 0.875 0 270) (size 1.05 0.95) (layers B.Cu B.Paste B.Mask) (roundrect_rratio 0.25)
      (net 2 GND))
    (pad 1 smd roundrect (at -0.875 0 270) (size 1.05 0.95) (layers B.Cu B.Paste B.Mask) (roundrect_rratio 0.25)
      (net 54 /Power/REG_USB))
    (model ${KISYS3DMOD}/Capacitor_SMD.3dshapes/C_0603_1608Metric.wrl
      (at (xyz 0 0 0))
      (scale (xyz 1 1 1))
      (rotate (xyz 0 0 0))
    )
  )

  (module Package_TO_SOT_SMD:SOT-143_Handsoldering (layer F.Cu) (tedit 5A02FF57) (tstamp 5BD2BE41)
    (at 111.45 63.925 270)
    (descr "SOT-143 Handsoldering")
    (tags "SOT-143 Handsoldering")
    (path /5B626331/5B62BD6A)
    (attr smd)
    (fp_text reference D1 (at -0.02 -2.38 270) (layer F.SilkS)
      (effects (font (size 1 1) (thickness 0.15)))
    )
    (fp_text value PRTR5V0U2X (at -0.02 2.48 270) (layer F.Fab) hide
      (effects (font (size 1 1) (thickness 0.15)))
    )
    (fp_text user %R (at 0 0) (layer F.Fab) hide
      (effects (font (size 0.5 0.5) (thickness 0.075)))
    )
    (fp_line (start 1.25 1.55) (end -1.25 1.55) (layer F.SilkS) (width 0.12))
    (fp_line (start 1.25 -1.55) (end -3.15 -1.55) (layer F.SilkS) (width 0.12))
    (fp_line (start -0.6 -1.5) (end -1.2 -1) (layer F.Fab) (width 0.1))
    (fp_line (start -0.6 -1.5) (end 1.2 -1.5) (layer F.Fab) (width 0.1))
    (fp_line (start -1.2 1.5) (end -1.2 -1) (layer F.Fab) (width 0.1))
    (fp_line (start 1.2 1.5) (end -1.2 1.5) (layer F.Fab) (width 0.1))
    (fp_line (start 1.2 -1.5) (end 1.2 1.5) (layer F.Fab) (width 0.1))
    (fp_line (start 3.45 -1.75) (end 3.45 1.75) (layer F.CrtYd) (width 0.05))
    (fp_line (start 3.45 -1.75) (end -3.45 -1.75) (layer F.CrtYd) (width 0.05))
    (fp_line (start -3.45 1.75) (end 3.45 1.75) (layer F.CrtYd) (width 0.05))
    (fp_line (start -3.45 1.75) (end -3.45 -1.75) (layer F.CrtYd) (width 0.05))
    (pad 1 smd rect (at -1.8 -0.77 180) (size 1.2 2.8) (layers F.Cu F.Paste F.Mask)
      (net 4 "Net-(C6-Pad1)"))
    (pad 2 smd rect (at -1.8 0.95 180) (size 1 2.8) (layers F.Cu F.Paste F.Mask)
      (net 8 /USB_P))
    (pad 3 smd rect (at 1.8 0.95 180) (size 1 2.8) (layers F.Cu F.Paste F.Mask)
      (net 9 /USB_N))
    (pad 4 smd trapezoid (at 1.8 -0.95 180) (size 1 2.8) (layers F.Cu F.Paste F.Mask)
      (net 10 /VBUS))
    (model ${KISYS3DMOD}/Package_TO_SOT_SMD.3dshapes/SOT-143.wrl
      (at (xyz 0 0 0))
      (scale (xyz 1 1 1))
      (rotate (xyz 0 0 0))
    )
  )

  (module Diode_SMD:D_SOD-523 (layer B.Cu) (tedit 586419F0) (tstamp 5BD2BE59)
    (at 121.5 67.175)
    (descr "http://www.diodes.com/datasheets/ap02001.pdf p.144")
    (tags "Diode SOD523")
    (path /5B626331/5BB753F5)
    (attr smd)
    (fp_text reference D3 (at 0 -0.975) (layer B.SilkS)
      (effects (font (size 0.5 0.5) (thickness 0.08)) (justify mirror))
    )
    (fp_text value D_Schottky (at 0 -1.4) (layer B.Fab) hide
      (effects (font (size 1 1) (thickness 0.15)) (justify mirror))
    )
    (fp_text user %R (at 0 1.3) (layer B.Fab) hide
      (effects (font (size 1 1) (thickness 0.15)) (justify mirror))
    )
    (fp_line (start -1.15 0.6) (end -1.15 -0.6) (layer B.SilkS) (width 0.12))
    (fp_line (start 1.25 0.7) (end 1.25 -0.7) (layer B.CrtYd) (width 0.05))
    (fp_line (start -1.25 0.7) (end 1.25 0.7) (layer B.CrtYd) (width 0.05))
    (fp_line (start -1.25 -0.7) (end -1.25 0.7) (layer B.CrtYd) (width 0.05))
    (fp_line (start 1.25 -0.7) (end -1.25 -0.7) (layer B.CrtYd) (width 0.05))
    (fp_line (start 0.1 0) (end 0.25 0) (layer B.Fab) (width 0.1))
    (fp_line (start 0.1 0.2) (end -0.2 0) (layer B.Fab) (width 0.1))
    (fp_line (start 0.1 -0.2) (end 0.1 0.2) (layer B.Fab) (width 0.1))
    (fp_line (start -0.2 0) (end 0.1 -0.2) (layer B.Fab) (width 0.1))
    (fp_line (start -0.2 0) (end -0.35 0) (layer B.Fab) (width 0.1))
    (fp_line (start -0.2 -0.2) (end -0.2 0.2) (layer B.Fab) (width 0.1))
    (fp_line (start 0.65 0.45) (end 0.65 -0.45) (layer B.Fab) (width 0.1))
    (fp_line (start -0.65 0.45) (end 0.65 0.45) (layer B.Fab) (width 0.1))
    (fp_line (start -0.65 -0.45) (end -0.65 0.45) (layer B.Fab) (width 0.1))
    (fp_line (start 0.65 -0.45) (end -0.65 -0.45) (layer B.Fab) (width 0.1))
    (fp_line (start 0.7 0.6) (end -1.15 0.6) (layer B.SilkS) (width 0.12))
    (fp_line (start 0.7 -0.6) (end -1.15 -0.6) (layer B.SilkS) (width 0.12))
    (pad 2 smd rect (at 0.7 0 180) (size 0.6 0.7) (layers B.Cu B.Paste B.Mask)
      (net 11 /USB_ID))
    (pad 1 smd rect (at -0.7 0 180) (size 0.6 0.7) (layers B.Cu B.Paste B.Mask)
      (net 12 /USB/ID))
    (model ${KISYS3DMOD}/Diode_SMD.3dshapes/D_SOD-523.wrl
      (at (xyz 0 0 0))
      (scale (xyz 1 1 1))
      (rotate (xyz 0 0 0))
    )
  )

  (module Connector_USB:USB_Micro-B_Molex_47346-0001 (layer B.Cu) (tedit 5A1DC0BD) (tstamp 5BD2BE79)
    (at 103.85 63.6 90)
    (descr "Micro USB B receptable with flange, bottom-mount, SMD, right-angle (http://www.molex.com/pdm_docs/sd/473460001_sd.pdf)")
    (tags "Micro B USB SMD")
    (path /5B626331/5B62635D)
    (attr smd)
    (fp_text reference J1 (at 0 3.3 270) (layer B.SilkS)
      (effects (font (size 1 1) (thickness 0.15)) (justify mirror))
    )
    (fp_text value USB_B_Micro (at 0 -4.6 270) (layer B.Fab) hide
      (effects (font (size 1 1) (thickness 0.15)) (justify mirror))
    )
    (fp_text user "PCB Edge" (at 0 -2.67 270) (layer Dwgs.User)
      (effects (font (size 0.4 0.4) (thickness 0.04)))
    )
    (fp_text user %R (at 0 -1.2 90) (layer B.Fab)
      (effects (font (size 1 1) (thickness 0.15)) (justify mirror))
    )
    (fp_line (start 3.81 1.71) (end 3.43 1.71) (layer B.SilkS) (width 0.12))
    (fp_line (start 4.6 -3.9) (end -4.6 -3.9) (layer B.CrtYd) (width 0.05))
    (fp_line (start 4.6 2.7) (end 4.6 -3.9) (layer B.CrtYd) (width 0.05))
    (fp_line (start -4.6 2.7) (end 4.6 2.7) (layer B.CrtYd) (width 0.05))
    (fp_line (start -4.6 -3.9) (end -4.6 2.7) (layer B.CrtYd) (width 0.05))
    (fp_line (start 3.75 -3.35) (end -3.75 -3.35) (layer B.Fab) (width 0.1))
    (fp_line (start 3.75 1.65) (end 3.75 -3.35) (layer B.Fab) (width 0.1))
    (fp_line (start -3.75 1.65) (end 3.75 1.65) (layer B.Fab) (width 0.1))
    (fp_line (start -3.75 -3.35) (end -3.75 1.65) (layer B.Fab) (width 0.1))
    (fp_line (start 3.81 -2.34) (end 3.81 -2.6) (layer B.SilkS) (width 0.12))
    (fp_line (start 3.81 1.71) (end 3.81 -0.06) (layer B.SilkS) (width 0.12))
    (fp_line (start -3.81 1.71) (end -3.43 1.71) (layer B.SilkS) (width 0.12))
    (fp_line (start -3.81 -0.06) (end -3.81 1.71) (layer B.SilkS) (width 0.12))
    (fp_line (start -3.81 -2.6) (end -3.81 -2.34) (layer B.SilkS) (width 0.12))
    (fp_line (start -3.25 -2.65) (end 3.25 -2.65) (layer B.Fab) (width 0.1))
    (pad 1 smd rect (at -1.3 1.46 90) (size 0.45 1.38) (layers B.Cu B.Paste B.Mask)
      (net 10 /VBUS))
    (pad 2 smd rect (at -0.65 1.46 90) (size 0.45 1.38) (layers B.Cu B.Paste B.Mask)
      (net 9 /USB_N))
    (pad 3 smd rect (at 0 1.46 90) (size 0.45 1.38) (layers B.Cu B.Paste B.Mask)
      (net 8 /USB_P))
    (pad 4 smd rect (at 0.65 1.46 90) (size 0.45 1.38) (layers B.Cu B.Paste B.Mask)
      (net 12 /USB/ID))
    (pad 5 smd rect (at 1.3 1.46 90) (size 0.45 1.38) (layers B.Cu B.Paste B.Mask)
      (net 2 GND))
    (pad 6 smd rect (at -2.4625 1.1 90) (size 1.475 2.1) (layers B.Cu B.Paste B.Mask)
      (net 2 GND))
    (pad 6 smd rect (at 2.4625 1.1 90) (size 1.475 2.1) (layers B.Cu B.Paste B.Mask)
      (net 2 GND))
    (pad 6 smd rect (at -2.91 -1.2 90) (size 2.375 1.9) (layers B.Cu B.Paste B.Mask)
      (net 2 GND))
    (pad 6 smd rect (at 2.91 -1.2 90) (size 2.375 1.9) (layers B.Cu B.Paste B.Mask)
      (net 2 GND))
    (pad 6 smd rect (at -0.84 -1.2 90) (size 1.175 1.9) (layers B.Cu B.Paste B.Mask)
      (net 2 GND))
    (pad 6 smd rect (at 0.84 -1.2 90) (size 1.175 1.9) (layers B.Cu B.Paste B.Mask)
      (net 2 GND))
    (model ${KISYS3DMOD}/Connector_USB.3dshapes/USB_Micro-B_Molex_47346-0001.wrl
      (at (xyz 0 0 0))
      (scale (xyz 1 1 1))
      (rotate (xyz 0 0 0))
